5|3|0|3|0|2|15
6|3|2|3|0|2|15
7|3|0|3|0|2|15
8|3|0|3|0|2|15
9|3|0|3|0|2|15
5|29|1198|20|9|6|29325
6|29|4375|20|9|6|94390
5|46|6560|34|12|8|105320
5|7|2|5|2|3|135
6|7|3|5|2|3|135
7|7|3|5|2|3|135
8|7|3|5|2|3|135
9|7|3|5|2|3|135
5|37|2396|25|12|7|47622
5|3|0|3|0|2|18
6|3|0|3|0|2|18
7|3|0|3|0|2|18
8|3|0|3|0|2|18
9|3|0|3|0|2|18
5|26|620|19|7|6|15050
6|26|2043|19|7|6|44506
5|51|10084|34|17|9|138743
5|4|0|2|2|3|11
6|4|0|2|2|3|11
7|4|0|2|2|3|11
8|4|0|2|2|3|11
9|4|0|2|2|3|11
5|33|1823|25|8|7|36619
6|33|6830|25|8|7|114472
5|33|1850|26|7|7|36236
6|33|6806|26|7|7|117963
5|10|25|6|4|4|1002
6|10|48|6|4|4|1860
7|10|57|6|4|4|1860
8|10|49|6|4|4|1860
9|10|55|6|4|4|1860
5|36|3290|27|9|8|54004
5|45|5626|34|11|8|90945
5|1|0|1|0|2|2
6|1|0|1|0|2|2
7|1|0|1|0|2|2
8|1|0|1|0|2|2
9|1|0|1|0|2|2
5|12|49|9|3|4|1886
6|12|176|9|3|4|6215
7|12|494|9|3|4|18295
8|12|794|9|3|4|31691
9|12|1318|9|3|4|53451
5|46|6394|36|10|8|101579
5|33|1787|29|4|7|37696
6|33|6106|29|4|7|99699
5|17|222|15|2|5|6791
6|17|619|15|2|5|17823
7|17|4761|15|2|5|145306
8|17|7204|15|2|5|214299
5|43|4798|30|13|8|78153
5|42|3964|32|10|8|67370
5|13|119|13|0|4|4706
6|13|353|13|0|4|12823
7|13|1344|13|0|4|49145
8|13|4168|13|0|4|147207
5|46|6261|38|8|8|96627
5|10|20|8|2|4|729
6|10|50|8|2|4|1486
7|10|70|8|2|4|2831
8|10|116|8|2|4|4327
9|10|114|8|2|4|4327
5|38|2941|29|9|8|45820
5|10|116|10|0|4|4248
6|10|289|10|0|4|9876
7|10|850|10|0|4|32417
8|10|1579|10|0|4|59404
9|10|3497|10|0|4|135188
5|45|6584|32|13|8|104850
5|47|6997|32|15|8|106864
5|18|277|16|2|5|8542
6|18|887|16|2|5|21526
7|18|4178|16|2|5|120757
8|18|11638|16|2|5|295598
5|12|46|10|2|4|1676
6|12|157|10|2|4|5592
7|12|357|10|2|4|10004
8|12|757|10|2|4|28922
9|12|1018|10|2|4|40202
5|39|3602|31|8|7|65509
5|48|8975|35|13|8|132249
5|2|0|2|0|2|5
6|2|0|2|0|2|5
7|2|0|2|0|2|5
8|2|1|2|0|2|5
9|2|1|2|0|2|5
5|51|7292|41|10|8|120251
5|2|0|2|0|2|5
6|2|0|2|0|2|5
7|2|0|2|0|2|5
8|2|0|2|0|2|5
9|2|0|2|0|2|5
5|10|30|7|3|4|913
6|10|50|7|3|4|1923
7|10|109|7|3|4|4224
8|10|115|7|3|4|4224
9|10|110|7|3|4|4224
5|49|8702|41|8|9|116727
5|48|7396|34|14|9|103562
5|50|8228|36|14|9|110732
5|1|0|1|0|2|2
6|1|0|1|0|2|2
7|1|0|1|0|2|2
8|1|0|1|0|2|2
9|1|0|1|0|2|2
5|18|205|15|3|5|6196
6|18|598|15|3|5|16165
7|18|2423|15|3|5|76931
8|18|7604|15|3|5|209730
5|7|3|5|2|3|135
6|7|4|5|2|3|135
7|7|3|5|2|3|135
8|7|3|5|2|3|135
9|7|3|5|2|3|135
5|27|811|19|8|6|18328
6|27|2391|19|8|6|50357
5|53|11114|39|14|9|148509
5|34|2201|22|12|8|34829
6|34|6929|22|12|8|87486
5|10|50|7|3|4|1215
6|10|116|7|3|4|3252
7|10|203|7|3|4|5631
8|10|215|7|3|4|5631
9|10|186|7|3|4|5631
5|16|158|13|3|5|3777
6|16|450|13|3|5|11876
7|16|1253|13|3|5|33985
8|16|3759|13|3|5|105428
5|45|4849|32|13|8|79197
5|39|4159|29|10|8|66284
5|22|548|16|6|5|16029
6|22|1933|16|6|5|53105
7|22|10710|16|6|5|302643
5|44|6420|32|12|8|94965
5|1|1|1|0|2|2
6|1|0|1|0|2|2
7|1|0|1|0|2|2
8|1|0|1|0|2|2
9|1|0|1|0|2|2
5|23|470|17|6|6|10130
6|23|1336|17|6|6|27059
7|23|6862|17|6|6|153487
5|42|4609|31|11|8|72905
5|37|2423|27|10|7|46107
5|37|2768|25|12|7|45939
5|44|6517|33|11|9|84377
5|44|5772|36|8|8|92894
5|15|118|12|3|5|3034
6|15|263|12|3|5|6487
7|15|836|12|3|5|25090
8|15|1879|12|3|5|53561
5|7|13|7|0|3|578
6|7|24|7|0|3|1043
7|7|47|7|0|3|1756
8|7|44|7|0|3|1756
9|7|43|7|0|3|1756
5|4|0|2|2|2|9
6|4|0|2|2|2|9
7|4|0|2|2|2|9
8|4|0|2|2|2|9
9|4|0|2|2|2|9
5|10|18|7|3|4|657
6|10|37|7|3|4|901
7|10|38|7|3|4|1438
8|10|39|7|3|4|1438
9|10|49|7|3|4|1438
5|36|2309|32|4|7|45851
5|35|2645|25|10|7|47772
6|35|13292|25|10|7|223792
5|12|83|10|2|4|2786
6|12|188|10|2|4|6426
7|12|510|10|2|4|17330
8|12|994|10|2|4|39934
9|12|1776|10|2|4|71870
5|54|11520|37|17|9|148156
5|29|1004|22|7|6|22576
6|29|4772|22|7|6|99002
5|24|488|19|5|6|11320
6|24|1598|19|5|6|32038
7|24|8818|19|5|6|197166
5|15|101|10|5|5|2699
6|15|249|10|5|5|6666
7|15|567|10|5|5|16901
8|15|1141|10|5|5|34391
5|51|8532|39|12|8|137689
5|6|1|4|2|3|53
6|6|1|4|2|3|53
7|6|2|4|2|3|53
8|6|2|4|2|3|53
9|6|2|4|2|3|53
5|3|0|3|0|2|16
6|3|1|3|0|2|16
7|3|2|3|0|2|16
8|3|1|3|0|2|16
9|3|0|3|0|2|16
5|24|532|17|7|6|12477
6|24|1699|17|7|6|35675
7|24|7888|17|7|6|186114
5|45|6255|31|14|8|92312
5|12|66|9|3|5|1660
6|12|142|9|3|5|4303
7|12|324|9|3|5|9440
8|12|554|9|3|5|17271
9|12|1001|9|3|5|30329
5|18|240|16|2|5|6846
6|18|838|16|2|5|20197
7|18|3289|16|2|5|97005
8|18|9735|16|2|5|265114
5|9|14|6|3|4|515
6|9|27|6|3|4|1020
7|9|44|6|3|4|1020
8|9|31|6|3|4|1020
9|9|30|6|3|4|1020
5|31|1494|21|10|7|27418
6|31|5501|21|10|7|93041
5|9|14|7|2|4|574
6|9|25|7|2|4|1005
7|9|42|7|2|4|1665
8|9|49|7|2|4|1665
9|9|41|7|2|4|1665
5|34|2048|26|8|7|38342
6|34|8131|26|8|7|123499
5|55|13685|43|12|9|160420
5|10|24|8|2|4|843
6|10|110|8|2|4|2302
7|10|148|8|2|4|4588
8|10|201|8|2|4|7843
9|10|225|8|2|4|7843
5|2|0|2|0|2|5
6|2|1|2|0|2|5
7|2|1|2|0|2|5
8|2|2|2|0|2|5
9|2|1|2|0|2|5
5|55|11698|42|13|9|155300
5|33|2228|26|7|7|40046
6|33|10976|26|7|7|189394
5|29|1191|22|7|7|22037
6|29|4530|22|7|7|77303
5|37|3535|35|2|7|68602
5|52|10637|34|18|9|137648
5|12|34|7|5|4|981
6|12|55|7|5|4|1862
7|12|65|7|5|4|2362
8|12|64|7|5|4|2362
9|12|71|7|5|4|2362
5|20|227|15|5|5|6747
6|20|1060|15|5|5|29376
7|20|3289|15|5|5|97467
5|9|40|9|0|4|1591
6|9|110|9|0|4|3880
7|9|247|9|0|4|9649
8|9|486|9|0|4|19326
9|9|663|9|0|4|27891
5|54|11543|36|18|9|153147
5|13|68|11|2|4|2373
6|13|165|11|2|4|5510
7|13|524|11|2|4|18779
8|13|1219|11|2|4|43496
5|45|5050|33|12|8|79378
5|17|236|14|3|6|5118
6|17|754|14|3|6|17138
7|17|2618|14|3|6|65563
8|17|8735|14|3|6|212782
5|31|1359|23|8|7|26245
6|31|4872|23|8|7|83817
5|10|25|9|1|4|937
6|10|60|9|1|4|2088
7|10|129|9|1|4|4981
8|10|294|9|1|4|12208
9|10|315|9|1|4|13494
5|34|1788|27|7|7|36288
6|34|5926|27|7|7|93763
5|40|4000|33|7|8|60489
5|6|12|6|0|4|442
6|6|15|6|0|4|646
7|6|18|6|0|4|646
8|6|16|6|0|4|646
9|6|18|6|0|4|646
5|43|5379|30|13|8|79281
5|21|475|16|5|6|8757
6|21|1174|16|5|6|25644
7|21|5523|16|5|6|137245
5|40|3738|29|11|8|60711
5|50|9005|40|10|9|117925
5|20|322|15|5|6|5868
6|20|688|15|5|6|14715
7|20|3220|15|5|6|73152
5|25|697|20|5|6|15805
6|25|1967|20|5|6|36969
7|25|11129|20|5|6|268426
5|18|166|13|5|5|4996
6|18|527|13|5|5|14312
7|18|2005|13|5|5|58429
8|18|5390|13|5|5|143557
5|2|0|2|0|2|5
6|2|0|2|0|2|5
7|2|0|2|0|2|5
8|2|0|2|0|2|5
9|2|0|2|0|2|5
5|37|2486|25|12|7|44248
5|12|122|11|1|5|3494
6|12|362|11|1|5|10073
7|12|1555|11|1|5|45124
8|12|2403|11|1|5|70987
9|12|7420|11|1|5|236979
5|36|2450|24|12|7|44305
5|27|1142|23|4|6|26695
6|27|5797|23|4|6|117773
5|55|12262|40|15|9|159697
5|5|2|5|0|3|94
6|5|2|5|0|3|94
7|5|2|5|0|3|94
8|5|2|5|0|3|94
9|5|2|5|0|3|94
5|3|0|3|0|2|18
6|3|0|3|0|2|18
7|3|0|3|0|2|18
8|3|0|3|0|2|18
9|3|0|3|0|2|18
5|17|162|14|3|5|4853
6|17|610|14|3|5|16544
7|17|2689|14|3|5|71884
8|17|7330|14|3|5|205829
5|25|627|20|5|6|14244
6|25|2069|20|5|6|41467
7|25|11403|20|5|6|255559
5|7|6|6|1|3|258
6|7|10|6|1|3|395
7|7|17|6|1|3|395
8|7|11|6|1|3|395
9|7|17|6|1|3|395
5|3|1|3|0|3|16
6|3|1|3|0|3|16
7|3|2|3|0|3|16
8|3|0|3|0|3|16
9|3|0|3|0|3|16
5|41|4755|30|11|8|68922
5|43|4979|36|7|8|78504
5|41|4748|32|9|8|73566
5|24|678|20|4|7|13155
6|24|2085|20|4|7|33978
7|24|12569|20|4|7|244306
5|5|1|4|1|3|56
6|5|1|4|1|3|56
7|5|1|4|1|3|56
8|5|1|4|1|3|56
9|5|2|4|1|3|56
5|6|6|6|0|3|318
6|6|13|6|0|3|555
7|6|12|6|0|3|555
8|6|16|6|0|3|555
9|6|18|6|0|3|555
5|1|0|1|0|2|2
6|1|0|1|0|2|2
7|1|0|1|0|2|2
8|1|0|1|0|2|2
9|1|0|1|0|2|2
5|6|1|4|2|3|54
6|6|1|4|2|3|54
7|6|1|4|2|3|54
8|6|1|4|2|3|54
9|6|1|4|2|3|54
5|12|55|10|2|4|2154
6|12|160|10|2|4|5453
7|12|383|10|2|4|15205
8|12|907|10|2|4|34014
9|12|1894|10|2|4|75186
5|28|895|21|7|6|19705
6|28|2828|21|7|6|55544
5|38|3428|28|10|8|55592
5|4|0|3|1|3|18
6|4|0|3|1|3|18
7|4|0|3|1|3|18
8|4|0|3|1|3|18
9|4|0|3|1|3|18
5|33|2056|25|8|7|38923
6|33|8918|25|8|7|145614
5|3|0|2|1|4|7
6|3|0|2|1|4|7
7|3|0|2|1|4|7
8|3|0|2|1|4|7
9|3|0|2|1|4|7
5|35|1890|28|7|7|37660
6|35|7276|28|7|7|126171
5|24|633|18|6|6|15418
6|24|1301|18|6|6|27224
7|24|10090|18|6|6|249457
5|46|8109|36|10|9|97268
5|11|52|10|1|4|1400
6|11|93|10|1|4|3172
7|11|242|10|1|4|8714
8|11|606|10|1|4|22800
9|11|1215|10|1|4|43725
5|55|12111|40|15|8|191263
5|5|0|3|2|3|27
6|5|0|3|2|3|27
7|5|1|3|2|3|27
8|5|0|3|2|3|27
9|5|0|3|2|3|27
5|35|1930|28|7|7|38790
6|35|6263|28|7|7|95673
5|38|2704|29|9|7|49632
5|32|1880|22|10|7|32629
6|32|6004|22|10|7|96729
5|23|571|16|7|6|10930
6|23|1597|16|7|6|33527
7|23|6631|16|7|6|159089
5|2|0|2|0|2|5
6|2|1|2|0|2|5
7|2|0|2|0|2|5
8|2|0|2|0|2|5
9|2|0|2|0|2|5
5|6|12|6|0|3|403
6|6|22|6|0|3|770
7|6|18|6|0|3|770
8|6|18|6|0|3|770
9|6|18|6|0|3|770
5|50|8533|34|16|8|124395
5|18|155|11|7|5|4429
6|18|372|11|7|5|9527
7|18|1197|11|7|5|35422
8|18|2735|11|7|5|71369
5|29|1169|23|6|6|27707
6|29|4996|23|6|6|107102
5|18|356|14|4|6|5148
6|18|643|14|4|6|12958
7|18|2564|14|4|6|62773
8|18|7082|14|4|6|166060
5|4|0|2|2|2|9
6|4|0|2|2|2|9
7|4|0|2|2|2|9
8|4|0|2|2|2|9
9|4|0|2|2|2|9
5|38|2955|27|11|8|46847
5|16|244|13|3|5|5709
6|16|473|13|3|5|12188
7|16|1744|13|3|5|50436
8|16|4227|13|3|5|118613
5|5|4|5|0|3|191
6|5|5|5|0|3|191
7|5|7|5|0|3|191
8|5|7|5|0|3|191
9|5|8|5|0|3|191
5|26|868|20|6|6|17252
6|26|2647|20|6|6|55486
5|6|2|5|1|3|115
6|6|3|5|1|3|115
7|6|3|5|1|3|115
8|6|4|5|1|3|115
9|6|5|5|1|3|115
5|46|7882|38|8|9|108043
5|19|256|13|6|6|6148
6|19|769|13|6|6|17711
7|19|2781|13|6|6|69148
5|41|3687|29|12|8|60090
5|2|0|2|0|2|6
6|2|0|2|0|2|6
7|2|0|2|0|2|6
8|2|0|2|0|2|6
9|2|0|2|0|2|6
5|2|0|2|0|2|5
6|2|0|2|0|2|5
7|2|0|2|0|2|5
8|2|0|2|0|2|5
9|2|0|2|0|2|5
5|53|9955|33|20|9|132437
5|21|333|14|7|6|7725
6|21|981|14|7|6|21881
7|21|4138|14|7|6|98594
5|49|6722|31|18|8|111398
5|2|0|2|0|2|6
6|2|0|2|0|2|6
7|2|0|2|0|2|6
8|2|0|2|0|2|6
9|2|0|2|0|2|6
5|15|95|10|5|5|2651
6|15|201|10|5|5|6122
7|15|552|10|5|5|18038
8|15|1170|10|5|5|39825
5|36|3199|26|10|8|51357
5|50|8790|35|15|9|123527
5|31|1525|25|6|7|30261
6|31|5721|25|6|7|103559
5|9|13|7|2|4|513
6|9|38|7|2|4|1157
7|9|40|7|2|4|1683
8|9|42|7|2|4|1683
9|9|49|7|2|4|1683
5|19|185|15|4|5|5582
6|19|485|15|4|5|12852
7|19|2189|15|4|5|69745
5|2|0|2|0|2|5
6|2|0|2|0|2|5
7|2|1|2|0|2|5
8|2|0|2|0|2|5
9|2|0|2|0|2|5
5|16|155|13|3|5|4470
6|16|482|13|3|5|14256
7|16|1309|13|3|5|40456
8|16|3332|13|3|5|103975
5|9|7|6|3|4|280
6|9|11|6|3|4|419
7|9|17|6|3|4|419
8|9|12|6|3|4|419
9|9|11|6|3|4|419
5|5|3|5|0|3|163
6|5|4|5|0|3|163
7|5|4|5|0|3|163
8|5|4|5|0|3|163
9|5|3|5|0|3|163
5|42|4428|31|11|8|73083
5|45|7274|37|8|9|92860
5|19|341|18|1|6|7941
6|19|1184|18|1|6|27008
7|19|4440|18|1|6|100762
5|5|2|4|1|3|74
6|5|2|4|1|3|74
7|5|2|4|1|3|74
8|5|2|4|1|3|74
9|5|2|4|1|3|74
5|7|8|5|2|3|396
6|7|8|5|2|3|396
7|7|9|5|2|3|396
8|7|9|5|2|3|396
9|7|19|5|2|3|396
5|37|2801|26|11|8|44115
5|5|1|4|1|3|46
6|5|2|4|1|3|46
7|5|1|4|1|3|46
8|5|1|4|1|3|46
9|5|1|4|1|3|46
5|49|8194|32|17|9|108299
5|11|24|8|3|4|950
6|11|62|8|3|4|1910
7|11|152|8|3|4|5725
8|11|350|8|3|4|13660
9|11|349|8|3|4|13660
5|33|1707|27|6|7|33366
6|33|5659|27|6|7|100992
5|7|7|5|2|3|344
6|7|8|5|2|3|344
7|7|8|5|2|3|344
8|7|12|5|2|3|344
9|7|13|5|2|3|344
5|19|261|13|6|5|7411
6|19|640|13|6|5|17113
7|19|2195|13|6|5|69072
5|22|376|17|5|6|9049
6|22|1111|17|5|6|23440
7|22|5719|17|5|6|139962
5|36|2270|28|8|7|42889
5|4|1|4|0|2|46
6|4|1|4|0|2|46
7|4|1|4|0|2|46
8|4|1|4|0|2|46
9|4|1|4|0|2|46
5|5|0|3|2|3|21
6|5|0|3|2|3|21
7|5|0|3|2|3|21
8|5|0|3|2|3|21
9|5|1|3|2|3|21
5|17|248|13|4|5|7132
6|17|582|13|4|5|15931
7|17|2503|13|4|5|77494
8|17|5990|13|4|5|177241
5|1|0|1|0|2|2
6|1|0|1|0|2|2
7|1|0|1|0|2|2
8|1|0|1|0|2|2
9|1|0|1|0|2|2
5|8|25|8|0|3|1322
6|8|62|8|0|3|2636
7|8|133|8|0|3|6272
8|8|191|8|0|3|9552
9|8|202|8|0|3|9552
5|23|432|18|5|6|10818
6|23|1606|18|5|6|36072
7|23|7209|18|5|6|181002
5|29|831|24|5|6|21147
6|29|3319|24|5|6|71013
5|1|0|1|0|2|2
6|1|0|1|0|2|2
7|1|0|1|0|2|2
8|1|0|1|0|2|2
9|1|1|1|0|2|2
5|4|0|3|1|3|17
6|4|0|3|1|3|17
7|4|0|3|1|3|17
8|4|0|3|1|3|17
9|4|0|3|1|3|17
5|8|38|7|1|4|1130
6|8|61|7|1|4|2494
7|8|114|7|1|4|4441
8|8|120|7|1|4|4441
9|8|122|7|1|4|4441
5|2|0|2|0|2|6
6|2|0|2|0|2|6
7|2|0|2|0|2|6
8|2|0|2|0|2|6
9|2|0|2|0|2|6
5|30|1372|24|6|7|27460
6|30|4657|24|6|7|72665
5|23|514|18|5|6|12703
6|23|2303|18|5|6|53276
7|23|7399|18|5|6|182291
5|5|3|5|0|3|160
6|5|4|5|0|3|160
7|5|4|5|0|3|160
8|5|4|5|0|3|160
9|5|4|5|0|3|160
5|7|20|7|0|3|556
6|7|20|7|0|3|941
7|7|32|7|0|3|1588
8|7|33|7|0|3|1588
9|7|44|7|0|3|1588
5|12|31|10|2|4|1174
6|12|78|10|2|4|2510
7|12|202|10|2|4|6896
8|12|351|10|2|4|13325
9|12|689|10|2|4|27379
5|21|397|16|5|6|9641
6|21|973|16|5|6|21705
7|21|4479|16|5|6|111498
5|45|4743|30|15|8|76526
5|27|884|19|8|6|21149
6|27|2875|19|8|6|60473
5|13|40|9|4|4|1485
6|13|95|9|4|4|3204
7|13|185|9|4|4|7052
8|13|289|9|4|4|11550
5|3|0|3|0|2|16
6|3|0|3|0|2|16
7|3|0|3|0|2|16
8|3|0|3|0|2|16
9|3|0|3|0|2|16
5|11|30|10|1|4|1165
6|11|88|10|1|4|2426
7|11|188|10|1|4|6941
8|11|324|10|1|4|12302
9|11|624|10|1|4|24647
5|38|2729|29|9|7|55045
5|13|79|9|4|5|2124
6|13|283|9|4|5|8573
7|13|662|9|4|5|20844
8|13|1050|9|4|5|33988
5|49|8688|37|12|9|114806
5|5|1|4|1|3|47
6|5|2|4|1|3|47
7|5|2|4|1|3|47
8|5|1|4|1|3|47
9|5|1|4|1|3|47
5|55|12934|40|15|9|176623
5|2|0|1|1|2|3
6|2|0|1|1|2|3
7|2|0|1|1|2|3
8|2|1|1|1|2|3
9|2|0|1|1|2|3
5|29|1066|24|5|7|21791
6|29|3401|24|5|7|54849
5|24|827|22|2|6|16838
6|24|2608|22|2|6|46247
7|24|14333|22|2|6|326609
5|33|2675|24|9|7|46429
6|33|11025|24|9|7|168784
5|34|2411|25|9|7|39634
6|34|9333|25|9|7|145158
5|1|0|1|0|2|2
6|1|0|1|0|2|2
7|1|0|1|0|2|2
8|1|0|1|0|2|2
9|1|0|1|0|2|2
5|14|49|9|5|4|1778
6|14|119|9|5|4|3113
7|14|225|9|5|4|7879
8|14|299|9|5|4|12317
5|17|136|13|4|5|3890
6|17|351|13|4|5|10052
7|17|1135|13|4|5|35474
8|17|2679|13|4|5|76285
5|42|4048|29|13|8|62533
5|31|1407|20|11|7|25435
6|31|4711|20|11|7|81057
5|9|24|7|2|4|708
6|9|33|7|2|4|1214
7|9|45|7|2|4|1830
8|9|56|7|2|4|1830
9|9|50|7|2|4|1830
5|7|1|4|3|3|60
6|7|2|4|3|3|60
7|7|4|4|3|3|60
8|7|2|4|3|3|60
9|7|8|4|3|3|60
5|48|7955|36|12|9|104948
5|54|11858|39|15|9|165555
5|24|469|18|6|6|11520
6|24|1562|18|6|6|33319
7|24|7983|18|6|6|195420
5|46|6925|34|12|9|96084
5|23|434|17|6|6|10920
6|23|1068|17|6|6|23766
7|23|6089|17|6|6|154032
5|23|478|17|6|6|11099
6|23|1289|17|6|6|26139
7|23|7394|17|6|6|185127
5|40|3351|29|11|8|55259
5|45|5160|32|13|8|85080
5|18|153|13|5|5|4442
6|18|381|13|5|5|10528
7|18|1889|13|5|5|60079
8|18|4216|13|5|5|119425
5|16|108|12|4|5|3380
6|16|245|12|4|5|7169
7|16|781|12|4|5|25193
8|16|1630|12|4|5|52287
5|2|0|2|0|2|6
6|2|0|2|0|2|6
7|2|0|2|0|2|6
8|2|0|2|0|2|6
9|2|0|2|0|2|6
5|55|11797|43|12|9|162338
5|42|4104|30|12|8|66848
5|14|69|10|4|5|2006
6|14|135|10|4|5|3877
7|14|355|10|4|5|11242
8|14|671|10|4|5|21951
5|1|0|1|0|2|2
6|1|0|1|0|2|2
7|1|0|1|0|2|2
8|1|0|1|0|2|2
9|1|0|1|0|2|2
5|53|11737|42|11|9|162480
5|36|2734|26|10|8|44870
5|6|1|4|2|3|74
6|6|2|4|2|3|74
7|6|3|4|2|3|74
8|6|2|4|2|3|74
9|6|2|4|2|3|74
5|17|206|15|2|5|6067
6|17|531|15|2|5|14948
7|17|2467|15|2|5|74918
8|17|6523|15|2|5|190819
5|34|2029|24|10|7|39723
6|34|8595|24|10|7|147894
5|32|1443|23|9|7|28615
6|32|5702|23|9|7|103374
5|45|5240|35|10|8|88148
5|22|533|15|7|6|12687
6|22|1897|15|7|6|42574
7|22|8781|15|7|6|213855
5|26|631|21|5|6|15599
6|26|1917|21|5|6|40412
5|6|2|5|1|3|108
6|6|4|5|1|3|108
7|6|4|5|1|3|108
8|6|3|5|1|3|108
9|6|3|5|1|3|108
5|2|0|1|1|2|3
6|2|0|1|1|2|3
7|2|0|1|1|2|3
8|2|0|1|1|2|3
9|2|0|1|1|2|3
5|32|1345|22|10|7|26711
6|32|4363|22|10|7|69755
5|2|0|2|0|3|5
6|2|1|2|0|3|5
7|2|1|2|0|3|5
8|2|1|2|0|3|5
9|2|2|2|0|3|5
5|14|190|12|2|5|4210
6|14|607|12|2|5|13242
7|14|1408|12|2|5|40923
8|14|3035|12|2|5|95840
5|2|0|1|1|2|3
6|2|0|1|1|2|3
7|2|0|1|1|2|3
8|2|0|1|1|2|3
9|2|0|1|1|2|3
5|11|24|9|2|4|1015
6|11|71|9|2|4|1939
7|11|135|9|2|4|5003
8|11|190|9|2|4|7628
9|11|378|9|2|4|16406
5|12|30|8|4|4|1132
6|12|65|8|4|4|2108
7|12|113|8|4|4|4248
8|12|195|8|4|4|7566
9|12|226|8|4|4|7566
5|7|4|5|2|3|144
6|7|3|5|2|3|144
7|7|3|5|2|3|144
8|7|3|5|2|3|144
9|7|3|5|2|3|144
5|2|0|2|0|2|5
6|2|0|2|0|2|5
7|2|0|2|0|2|5
8|2|0|2|0|2|5
9|2|1|2|0|2|5
5|26|680|21|5|6|16121
6|26|2257|21|5|6|47891
5|45|5438|32|13|8|88891
5|50|7306|39|11|8|117798
5|1|0|1|0|2|2
6|1|0|1|0|2|2
7|1|0|1|0|2|2
8|1|0|1|0|2|2
9|1|0|1|0|2|2
5|11|65|10|1|4|2055
6|11|143|10|1|4|5062
7|11|428|10|1|4|17137
8|11|800|10|1|4|32160
9|11|1613|10|1|4|67899
5|17|237|17|0|5|7204
6|17|729|17|0|5|19887
7|17|4151|17|0|5|129249
8|17|9236|17|0|5|263387
5|49|8058|37|12|8|130452
5|17|141|14|3|5|4306
6|17|370|14|3|5|10551
7|17|1527|14|3|5|48430
8|17|3585|14|3|5|106749
5|3|0|3|0|2|16
6|3|0|3|0|2|16
7|3|0|3|0|2|16
8|3|0|3|0|2|16
9|3|0|3|0|2|16
5|42|4732|28|14|9|63636
5|23|400|17|6|6|9915
6|23|1338|17|6|6|30583
7|23|5846|17|6|6|149961
5|51|9371|41|10|9|124422
5|2|0|2|0|2|5
6|2|0|2|0|2|5
7|2|0|2|0|2|5
8|2|0|2|0|2|5
9|2|0|2|0|2|5
5|6|8|6|0|3|450
6|6|20|6|0|3|901
7|6|22|6|0|3|901
8|6|32|6|0|3|901
9|6|20|6|0|3|901
5|37|3357|25|12|8|48377
5|13|74|10|3|5|1873
6|13|247|10|3|5|5364
7|13|533|10|3|5|15607
8|13|1029|10|3|5|32173
5|46|6266|36|10|8|99470
5|32|2173|25|7|8|35110
6|32|7683|25|7|8|111325
5|26|796|22|4|6|17207
6|26|2566|22|4|6|49305
5|5|1|4|1|4|41
6|5|3|4|1|4|41
7|5|2|4|1|4|41
8|5|2|4|1|4|41
9|5|2|4|1|4|41
5|28|1150|20|8|7|20253
6|28|3420|20|8|7|61058
5|2|0|1|1|2|3
6|2|0|1|1|2|3
7|2|0|1|1|2|3
8|2|0|1|1|2|3
9|2|0|1|1|2|3
5|6|6|6|0|3|276
6|6|9|6|0|3|365
7|6|9|6|0|3|365
8|6|9|6|0|3|365
9|6|9|6|0|3|365
5|2|0|2|0|2|6
6|2|0|2|0|2|6
7|2|0|2|0|2|6
8|2|0|2|0|2|6
9|2|0|2|0|2|6
5|6|11|6|0|3|311
6|6|8|6|0|3|349
7|6|8|6|0|3|349
8|6|9|6|0|3|349
9|6|8|6|0|3|349
5|35|5832|30|5|7|110111
6|35|13537|30|5|7|223617
5|4|0|2|2|2|9
6|4|0|2|2|2|9
7|4|0|2|2|2|9
8|4|0|2|2|2|9
9|4|0|2|2|2|9
5|8|4|6|2|3|217
6|8|6|6|2|3|317
7|8|7|6|2|3|317
8|8|7|6|2|3|317
9|8|7|6|2|3|317
5|36|2718|28|8|7|53738
5|51|8666|35|16|9|117091
5|24|587|16|8|6|13793
6|24|2018|16|8|6|42140
7|24|9399|16|8|6|213116
5|7|9|6|1|3|268
6|7|15|6|1|3|424
7|7|9|6|1|3|424
8|7|9|6|1|3|424
9|7|10|6|1|3|424
5|26|823|21|5|6|19828
6|26|2787|21|5|6|59326
5|33|2215|26|7|7|39839
6|33|7389|26|7|7|129940
5|55|12707|37|18|10|146906
5|16|143|14|2|5|4147
6|16|422|14|2|5|12144
7|16|1432|14|2|5|44641
8|16|4157|14|2|5|123971
5|34|2054|29|5|7|41105
6|34|7360|29|5|7|126134
5|7|5|5|2|3|192
6|7|4|5|2|3|192
7|7|4|5|2|3|192
8|7|5|5|2|3|192
9|7|4|5|2|3|192
5|22|283|15|7|5|8552
6|22|784|15|7|5|19606
7|22|3694|15|7|5|116504
5|10|26|9|1|4|1025
6|10|77|9|1|4|2504
7|10|178|9|1|4|6753
8|10|385|9|1|4|15339
9|10|548|9|1|4|22822
5|41|3494|26|15|8|57491
5|38|3692|26|12|7|72728
5|7|4|5|2|4|161
6|7|5|5|2|4|161
7|7|4|5|2|4|161
8|7|4|5|2|4|161
9|7|4|5|2|4|161
5|2|0|1|1|2|3
6|2|0|1|1|2|3
7|2|0|1|1|2|3
8|2|0|1|1|2|3
9|2|0|1|1|2|3
5|3|0|3|0|2|15
6|3|0|3|0|2|15
7|3|0|3|0|2|15
8|3|0|3|0|2|15
9|3|0|3|0|2|15
5|2|0|2|0|2|5
6|2|0|2|0|2|5
7|2|0|2|0|2|5
8|2|0|2|0|2|5
9|2|0|2|0|2|5
5|5|2|5|0|3|85
6|5|2|5|0|3|85
7|5|2|5|0|3|85
8|5|2|5|0|3|85
9|5|2|5|0|3|85
5|11|37|8|3|4|1340
6|11|107|8|3|4|3603
7|11|176|8|3|4|6746
8|11|274|8|3|4|10941
9|11|293|8|3|4|10941
5|41|4707|36|5|8|77566
5|2|0|1|1|2|3
6|2|0|1|1|2|3
7|2|0|1|1|2|3
8|2|0|1|1|2|3
9|2|0|1|1|2|3
5|44|5046|29|15|8|82445
5|44|4652|33|11|8|74712
5|44|4653|39|5|8|78683
5|33|2158|28|5|7|43066
6|33|8672|28|5|7|149529
5|27|681|16|11|6|16311
6|27|2558|16|11|6|56108
5|8|13|6|2|3|617
6|8|22|6|2|3|1059
7|8|22|6|2|3|1059
8|8|23|6|2|3|1059
9|8|33|6|2|3|1059
5|54|12528|38|16|10|144312
5|21|419|13|8|6|9239
6|21|1585|13|8|6|34800
7|21|5799|13|8|6|133332
5|27|1203|20|7|6|27105
6|27|6164|20|7|6|137976
5|1|0|1|0|2|2
6|1|0|1|0|2|2
7|1|0|1|0|2|2
8|1|0|1|0|2|2
9|1|0|1|0|2|2
5|7|7|6|1|4|282
6|7|11|6|1|4|433
7|7|15|6|1|4|433
8|7|27|6|1|4|433
9|7|14|6|1|4|433
5|33|1545|23|10|7|28810
6|33|5129|23|10|7|80558
5|6|4|5|1|3|215
6|6|5|5|1|3|215
7|6|6|5|1|3|215
8|6|5|5|1|3|215
9|6|5|5|1|3|215
5|14|83|10|4|5|2230
6|14|266|10|4|5|5642
7|14|627|10|4|5|17987
8|14|1297|10|4|5|36302
5|9|36|8|1|4|1315
6|9|84|8|1|4|3014
7|9|159|8|1|4|6079
8|9|209|8|1|4|8535
9|9|216|8|1|4|8535
5|2|0|2|0|2|6
6|2|0|2|0|2|6
7|2|0|2|0|2|6
8|2|0|2|0|2|6
9|2|0|2|0|2|6
5|10|57|9|1|4|2156
6|10|146|9|1|4|5341
7|10|393|9|1|4|14763
8|10|714|9|1|4|25872
9|10|997|9|1|4|37839
5|32|1626|24|8|7|30430
6|32|5296|24|8|7|80798
5|3|0|3|0|2|15
6|3|0|3|0|2|15
7|3|0|3|0|2|15
8|3|0|3|0|2|15
9|3|0|3|0|2|15
5|4|1|4|0|2|52
6|4|5|4|0|2|52
7|4|2|4|0|2|52
8|4|1|4|0|2|52
9|4|4|4|0|2|52
5|1|0|1|0|2|2
6|1|1|1|0|2|2
7|1|0|1|0|2|2
8|1|0|1|0|2|2
9|1|0|1|0|2|2
5|30|1344|23|7|7|26172
6|30|5462|23|7|7|89476
5|2|0|2|0|2|5
6|2|0|2|0|2|5
7|2|0|2|0|2|5
8|2|0|2|0|2|5
9|2|0|2|0|2|5
5|3|0|3|0|2|16
6|3|0|3|0|2|16
7|3|0|3|0|2|16
8|3|0|3|0|2|16
9|3|0|3|0|2|16
5|9|42|9|0|4|1613
6|9|70|9|0|4|2310
7|9|276|9|0|4|9230
8|9|399|9|0|4|15077
9|9|752|9|0|4|28626
5|16|146|14|2|5|4314
6|16|460|14|2|5|11334
7|16|1452|14|2|5|42941
8|16|4220|14|2|5|122977
5|32|2053|23|9|7|38535
6|32|7649|23|9|7|129183
5|18|139|13|5|5|3853
6|18|344|13|5|5|9769
7|18|1213|13|5|5|38339
8|18|3054|13|5|5|91378
5|41|2941|27|14|7|57656
5|6|2|5|1|3|125
6|6|3|5|1|3|125
7|6|5|5|1|3|125
8|6|5|5|1|3|125
9|6|5|5|1|3|125
5|3|0|3|0|2|14
6|3|0|3|0|2|14
7|3|0|3|0|2|14
8|3|0|3|0|2|14
9|3|0|3|0|2|14
5|53|15024|39|14|9|210593
5|17|252|13|4|5|7189
6|17|961|13|4|5|26691
7|17|3578|13|4|5|108112
8|17|7575|13|4|5|220479
5|40|3921|30|10|8|63681
5|8|9|6|2|3|344
6|8|16|6|2|3|470
7|8|11|6|2|3|470
8|8|10|6|2|3|470
9|8|12|6|2|3|470
5|5|3|5|0|3|153
6|5|4|5|0|3|153
7|5|4|5|0|3|153
8|5|4|5|0|3|153
9|5|3|5|0|3|153
5|45|5621|32|13|8|92601
5|5|2|4|1|3|70
6|5|2|4|1|3|70
7|5|2|4|1|3|70
8|5|2|4|1|3|70
9|5|2|4|1|3|70
5|11|12|6|5|4|489
6|11|17|6|5|4|661
7|11|27|6|5|4|661
8|11|22|6|5|4|661
9|11|20|6|5|4|661
5|41|4477|36|5|8|71692
5|33|2384|27|6|7|46519
6|33|13677|27|6|7|216535
5|4|0|2|2|2|9
6|4|0|2|2|2|9
7|4|0|2|2|2|9
8|4|0|2|2|2|9
9|4|0|2|2|2|9
5|44|5647|32|12|8|84890
5|5|3|4|1|3|84
6|5|3|4|1|3|84
7|5|3|4|1|3|84
8|5|2|4|1|3|84
9|5|3|4|1|3|84
5|34|2754|31|3|7|50920
6|34|13047|31|3|7|238859
5|13|88|9|4|5|2495
6|13|167|9|4|5|4800
7|13|458|9|4|5|14662
8|13|692|9|4|5|22593
5|42|4174|34|8|8|67907
5|20|368|18|2|6|8906
6|20|1368|18|2|6|30804
7|20|6829|18|2|6|166917
5|2|0|2|0|2|5
6|2|0|2|0|2|5
7|2|0|2|0|2|5
8|2|0|2|0|2|5
9|2|0|2|0|2|5
5|6|11|6|0|3|560
6|6|17|6|0|3|815
7|6|17|6|0|3|815
8|6|21|6|0|3|815
9|6|20|6|0|3|815
5|48|7886|37|11|9|109114
5|10|61|8|2|4|1974
6|10|121|8|2|4|4497
7|10|264|8|2|4|10426
8|10|314|8|2|4|13110
9|10|325|8|2|4|13110
5|38|2416|27|11|7|47473
5|41|3607|32|9|8|59364
5|22|527|17|5|6|12355
6|22|1479|17|5|6|32989
7|22|7191|17|5|6|172350
5|13|60|11|2|5|1958
6|13|252|11|2|5|7169
7|13|702|11|2|5|22237
8|13|1533|11|2|5|50111
5|35|2184|25|10|7|42529
6|35|7856|25|10|7|134597
5|11|87|11|0|4|3327
6|11|249|11|0|4|8505
7|11|752|11|0|4|29724
8|11|1342|11|0|4|50732
9|11|3613|11|0|4|145849
5|21|272|13|8|6|6673
6|21|694|13|8|6|15883
7|21|3122|13|8|6|79470
5|12|29|7|5|4|1117
6|12|63|7|5|4|1960
7|12|98|7|5|4|4082
8|12|113|7|5|4|4082
9|12|108|7|5|4|4082
5|2|0|2|0|2|6
6|2|0|2|0|2|6
7|2|0|2|0|2|6
8|2|0|2|0|2|6
9|2|0|2|0|2|6
5|2|0|2|0|2|5
6|2|0|2|0|2|5
7|2|0|2|0|2|5
8|2|0|2|0|2|5
9|2|0|2|0|2|5
5|55|11819|39|16|9|162234
5|49|6853|33|16|8|110269
5|2|0|2|0|2|6
6|2|0|2|0|2|6
7|2|0|2|0|2|6
8|2|0|2|0|2|6
9|2|0|2|0|2|6
5|21|349|15|6|6|8494
6|21|1038|15|6|6|23341
7|21|4655|15|6|6|116253
5|4|1|4|0|2|46
6|4|1|4|0|2|46
7|4|1|4|0|2|46
8|4|1|4|0|2|46
9|4|1|4|0|2|46
5|3|0|3|0|2|16
6|3|0|3|0|2|16
7|3|0|3|0|2|16
8|3|0|3|0|2|16
9|3|0|3|0|2|16
5|2|1|2|0|2|5
6|2|0|2|0|2|5
7|2|0|2|0|2|5
8|2|0|2|0|2|5
9|2|0|2|0|2|5
5|23|396|17|6|6|9771
6|23|1292|17|6|6|28755
7|23|5675|17|6|6|144892
5|50|7124|36|14|8|120526
5|35|2251|27|8|8|37890
6|35|7269|27|8|8|102204
5|9|25|8|1|4|950
6|9|52|8|1|4|1634
7|9|144|8|1|4|5332
8|9|169|8|1|4|6311
9|9|173|8|1|4|6311
5|23|438|16|7|6|10142
6|23|922|16|7|6|20262
7|23|5320|16|7|6|132280
5|21|341|18|3|6|8080
6|21|952|18|3|6|20376
7|21|4879|18|3|6|121331
5|37|2690|26|11|7|53476
5|7|6|6|1|3|290
6|7|9|6|1|3|453
7|7|10|6|1|3|453
8|7|10|6|1|3|453
9|7|10|6|1|3|453
5|3|0|3|0|2|14
6|3|0|3|0|2|14
7|3|0|3|0|2|14
8|3|0|3|0|2|14
9|3|0|3|0|2|14
5|4|1|4|0|2|52
6|4|1|4|0|2|52
7|4|1|4|0|2|52
8|4|1|4|0|2|52
9|4|1|4|0|2|52
5|38|3341|30|8|7|67324
5|35|3002|30|5|8|48617
6|35|12405|30|5|8|187459
5|2|0|2|0|3|5
6|2|0|2|0|3|5
7|2|0|2|0|3|5
8|2|0|2|0|3|5
9|2|0|2|0|3|5
5|2|0|1|1|2|3
6|2|0|1|1|2|3
7|2|0|1|1|2|3
8|2|0|1|1|2|3
9|2|0|1|1|2|3
5|2|0|2|0|3|5
6|2|0|2|0|3|5
7|2|0|2|0|3|5
8|2|0|2|0|3|5
9|2|0|2|0|3|5
5|2|0|2|0|2|6
6|2|0|2|0|2|6
7|2|0|2|0|2|6
8|2|0|2|0|2|6
9|2|0|2|0|2|6
5|6|1|4|2|3|60
6|6|2|4|2|3|60
7|6|1|4|2|3|60
8|6|1|4|2|3|60
9|6|2|4|2|3|60
5|23|440|16|7|6|10637
6|23|1423|16|7|6|32295
7|23|6087|16|7|6|150072
5|5|3|5|0|3|152
6|5|3|5|0|3|152
7|5|4|5|0|3|152
8|5|4|5|0|3|152
9|5|5|5|0|3|152
5|6|3|5|1|4|108
6|6|3|5|1|4|108
7|6|3|5|1|4|108
8|6|3|5|1|4|108
9|6|3|5|1|4|108
5|10|36|9|1|5|818
6|10|60|9|1|5|1859
7|10|136|9|1|5|4283
8|10|230|9|1|5|7379
9|10|339|9|1|5|11703
5|43|5354|32|11|8|78972
5|54|9416|40|14|9|128510
5|26|812|18|8|6|18840
6|26|2666|18|8|6|56031
5|41|5281|31|10|8|84846
5|42|8527|33|9|8|140172
5|5|2|4|1|3|87
6|5|2|4|1|3|87
7|5|2|4|1|3|87
8|5|2|4|1|3|87
9|5|2|4|1|3|87
5|52|10968|41|11|9|150312
5|13|67|10|3|5|1680
6|13|148|10|3|5|4009
7|13|402|10|3|5|12519
8|13|962|10|3|5|30367
5|14|117|11|3|5|3196
6|14|302|11|3|5|9006
7|14|815|11|3|5|25367
8|14|2196|11|3|5|69498
5|52|7703|38|14|8|130965
5|1|0|1|0|2|2
6|1|0|1|0|2|2
7|1|0|1|0|2|2
8|1|0|1|0|2|2
9|1|0|1|0|2|2
5|2|0|1|1|2|3
6|2|0|1|1|2|3
7|2|0|1|1|2|3
8|2|0|1|1|2|3
9|2|0|1|1|2|3
5|9|5|6|3|3|278
6|9|10|6|3|3|422
7|9|9|6|3|3|422
8|9|9|6|3|3|422
9|9|10|6|3|3|422
5|45|5667|34|11|8|93319
5|10|30|9|1|4|1144
6|10|70|9|1|4|2300
7|10|165|9|1|4|6005
8|10|307|9|1|4|12054
9|10|350|9|1|4|14551
5|19|206|15|4|5|6285
6|19|516|15|4|5|13941
7|19|2231|15|4|5|71574
5|55|12191|41|14|9|165928
5|1|0|1|0|2|2
6|1|0|1|0|2|2
7|1|0|1|0|2|2
8|1|0|1|0|2|2
9|1|0|1|0|2|2
5|13|66|11|2|4|2672
6|13|219|11|2|4|7785
7|13|573|11|2|4|22734
8|13|1329|11|2|4|49688
5|9|39|9|0|4|1273
6|9|100|9|0|4|3957
7|9|273|9|0|4|10970
8|9|395|9|0|4|16386
9|9|636|9|0|4|27892
5|4|0|3|1|3|25
6|4|0|3|1|3|25
7|4|0|3|1|3|25
8|4|0|3|1|3|25
9|4|0|3|1|3|25
5|20|191|16|4|5|5888
6|20|575|16|4|5|15536
7|20|2813|16|4|5|87657
5|21|359|17|4|6|8952
6|21|1003|17|4|6|22307
7|21|5662|17|4|6|145223
5|53|10577|40|13|9|148224
5|6|3|5|1|3|135
6|6|4|5|1|3|135
7|6|3|5|1|3|135
8|6|3|5|1|3|135
9|6|3|5|1|3|135
5|10|25|9|1|4|1059
6|10|53|9|1|4|1991
7|10|131|9|1|4|4949
8|10|202|9|1|4|8035
9|10|286|9|1|4|12084
5|43|4399|34|9|8|74711
5|2|0|1|1|2|3
6|2|0|1|1|2|3
7|2|0|1|1|2|3
8|2|0|1|1|2|3
9|2|0|1|1|2|3
5|47|7944|34|13|9|112578
5|6|9|6|0|3|398
6|6|14|6|0|3|684
7|6|15|6|0|3|684
8|6|15|6|0|3|684
9|6|23|6|0|3|684
5|52|11617|42|10|9|157748
5|27|749|22|5|6|18662
6|27|2457|22|5|6|50474
5|12|138|12|0|4|5076
6|12|371|12|0|4|12912
7|12|1057|12|0|4|41643
8|12|3013|12|0|4|112479
9|12|7972|12|0|4|316598
5|9|24|7|2|5|694
6|9|45|7|2|5|1373
7|9|98|7|2|5|2875
8|9|92|7|2|5|2875
9|9|100|7|2|5|2875
5|27|648|23|4|6|16453
6|27|2058|23|4|6|41403
5|4|1|4|0|3|55
6|4|1|4|0|3|55
7|4|1|4|0|3|55
8|4|1|4|0|3|55
9|4|1|4|0|3|55
5|5|0|3|2|3|24
6|5|1|3|2|3|24
7|5|1|3|2|3|24
8|5|1|3|2|3|24
9|5|1|3|2|3|24
5|54|11303|34|20|9|152043
5|9|8|6|3|4|346
6|9|14|6|3|4|508
7|9|13|6|3|4|508
8|9|14|6|3|4|508
9|9|20|6|3|4|508
5|5|1|4|1|3|72
6|5|2|4|1|3|72
7|5|3|4|1|3|72
8|5|3|4|1|3|72
9|5|2|4|1|3|72
5|38|2155|26|12|7|43563
5|6|1|4|2|3|73
6|6|3|4|2|3|73
7|6|3|4|2|3|73
8|6|2|4|2|3|73
9|6|2|4|2|3|73
5|9|18|7|2|4|692
6|9|43|7|2|4|1288
7|9|50|7|2|4|2010
8|9|60|7|2|4|2010
9|9|52|7|2|4|2010
5|16|104|11|5|5|3016
6|16|346|11|5|5|9793
7|16|956|11|5|5|30075
8|16|2716|11|5|5|84471
5|32|1446|20|12|7|29035
6|32|4019|20|12|7|66529
5|6|7|6|0|3|351
6|6|11|6|0|3|555
7|6|12|6|0|3|555
8|6|11|6|0|3|555
9|6|12|6|0|3|555
5|25|614|20|5|6|14951
6|25|2299|20|5|6|45939
7|25|11089|20|5|6|273231
5|19|210|13|6|6|5031
6|19|478|13|6|6|11336
7|19|2022|13|6|6|51588
5|13|77|11|2|5|2318
6|13|219|11|2|5|6572
7|13|580|11|2|5|18482
8|13|1295|11|2|5|42596
5|6|9|6|0|3|454
6|6|16|6|0|3|735
7|6|16|6|0|3|735
8|6|27|6|0|3|735
9|6|18|6|0|3|735
5|9|13|7|2|4|502
6|9|26|7|2|4|1032
7|9|48|7|2|4|1846
8|9|52|7|2|4|1846
9|9|48|7|2|4|1846
5|2|0|2|0|2|5
6|2|0|2|0|2|5
7|2|0|2|0|2|5
8|2|0|2|0|2|5
9|2|0|2|0|2|5
5|13|88|12|1|5|2535
6|13|178|12|1|5|5171
7|13|581|12|1|5|18869
8|13|1283|12|1|5|41582
5|13|43|10|3|4|1684
6|13|125|10|3|4|3861
7|13|288|10|3|4|10902
8|13|609|10|3|4|22994
5|19|142|12|7|5|4102
6|19|321|12|7|5|8462
7|19|1158|12|7|5|35450
5|13|64|12|1|4|2584
6|13|169|12|1|4|5539
7|13|535|12|1|4|21611
8|13|1159|12|1|4|43649
5|1|0|1|0|2|2
6|1|0|1|0|2|2
7|1|0|1|0|2|2
8|1|0|1|0|2|2
9|1|0|1|0|2|2
5|2|0|1|1|3|3
6|2|1|1|1|3|3
7|2|0|1|1|3|3
8|2|0|1|1|3|3
9|2|0|1|1|3|3
5|22|286|15|7|5|8284
6|22|708|15|7|5|18923
7|22|3425|15|7|5|101730
5|14|159|10|4|5|4726
6|14|462|10|4|5|14267
7|14|878|10|4|5|28457
8|14|1980|10|4|5|67052
5|3|0|3|0|2|16
6|3|0|3|0|2|16
7|3|0|3|0|2|16
8|3|0|3|0|2|16
9|3|0|3|0|2|16
5|25|666|17|8|7|13445
6|25|1924|17|8|7|35474
7|25|10975|17|8|7|226279
5|48|5825|36|12|8|100914
5|46|5768|34|12|8|95746
5|3|0|3|0|2|16
6|3|0|3|0|2|16
7|3|0|3|0|2|16
8|3|0|3|0|2|16
9|3|0|3|0|2|16
5|29|823|20|9|6|19762
6|29|3082|20|9|6|67317
5|48|5662|35|13|8|93634
5|6|8|5|1|3|164
6|6|5|5|1|3|164
7|6|5|5|1|3|164
8|6|4|5|1|3|164
9|6|3|5|1|3|164
5|32|1681|25|7|7|33383
6|32|5550|25|7|7|92573
5|13|28|7|6|5|896
6|13|107|7|6|5|3098
7|13|83|7|6|5|2780
8|13|99|7|6|5|2780
5|18|172|13|5|5|4799
6|18|672|13|5|5|18590
7|18|2038|13|5|5|60427
8|18|7151|13|5|5|207417
5|33|4776|30|3|7|98670
6|33|23386|30|3|7|418202
5|13|103|10|3|5|2804
6|13|231|10|3|5|6699
7|13|527|10|3|5|16701
8|13|1137|10|3|5|36478
5|11|21|7|4|4|753
6|11|32|7|4|4|1163
7|11|69|7|4|4|2469
8|11|65|7|4|4|2469
9|11|83|7|4|4|2469
5|17|195|13|4|5|5927
6|17|672|13|4|5|19629
7|17|2213|13|4|5|69258
8|17|7392|13|4|5|226299
5|10|23|9|1|4|921
6|10|60|9|1|4|1861
7|10|127|9|1|4|4720
8|10|214|9|1|4|8313
9|10|318|9|1|4|13478
5|5|3|5|0|3|165
6|5|5|5|0|3|165
7|5|4|5|0|3|165
8|5|4|5|0|3|165
9|5|3|5|0|3|165
5|43|4512|33|10|8|75282
5|4|1|4|0|2|46
6|4|1|4|0|2|46
7|4|1|4|0|2|46
8|4|1|4|0|2|46
9|4|1|4|0|2|46
5|2|0|2|0|2|5
6|2|0|2|0|2|5
7|2|0|2|0|2|5
8|2|0|2|0|2|5
9|2|0|2|0|2|5
5|6|4|5|1|3|165
6|6|4|5|1|3|165
7|6|4|5|1|3|165
8|6|4|5|1|3|165
9|6|4|5|1|3|165
5|33|1818|25|8|7|35184
6|33|7269|25|8|7|129734
5|25|616|21|4|6|15139
6|25|2145|21|4|6|46804
7|25|13076|21|4|6|317280
5|3|0|3|0|2|15
6|3|0|3|0|2|15
7|3|0|3|0|2|15
8|3|0|3|0|2|15
9|3|0|3|0|2|15
5|20|277|16|4|6|6811
6|20|894|16|4|6|21156
7|20|4354|16|4|6|110402
5|3|0|3|0|2|16
6|3|0|3|0|2|16
7|3|0|3|0|2|16
8|3|0|3|0|2|16
9|3|0|3|0|2|16
5|9|17|6|3|4|675
6|9|23|6|3|4|898
7|9|31|6|3|4|898
8|9|27|6|3|4|898
9|9|24|6|3|4|898
5|33|1684|23|10|7|31263
6|33|6469|23|10|7|113510
5|2|0|1|1|2|3
6|2|0|1|1|2|3
7|2|0|1|1|2|3
8|2|0|1|1|2|3
9|2|0|1|1|2|3
5|26|855|21|5|6|20683
6|26|3240|21|5|6|71520
5|20|336|15|5|6|7999
6|20|1137|15|5|6|26718
7|20|3945|15|5|6|97061
5|6|5|4|2|3|66
6|6|8|4|2|3|66
7|6|2|4|2|3|66
8|6|2|4|2|3|66
9|6|6|4|2|3|66
5|10|21|7|3|4|812
6|10|43|7|3|4|1202
7|10|57|7|3|4|2378
8|10|70|7|3|4|2378
9|10|61|7|3|4|2378
5|10|75|9|1|4|2618
6|10|181|9|1|4|6484
7|10|410|9|1|4|15922
8|10|757|9|1|4|30468
9|10|1070|9|1|4|45039
5|53|10067|37|16|9|138123
5|48|7059|41|7|9|100282
5|23|657|21|2|6|15467
6|23|1890|21|2|6|40945
7|23|7957|21|2|6|199204
5|16|180|15|1|5|5265
6|16|441|15|1|5|11329
7|16|1845|15|1|5|57343
8|16|4803|15|1|5|131384
5|51|7227|40|11|8|121132
5|6|5|6|0|4|181
6|6|7|6|0|4|273
7|6|7|6|0|4|273
8|6|6|6|0|4|273
9|6|8|6|0|4|273
5|11|92|11|0|4|3303
6|11|178|11|0|4|6020
7|11|578|11|0|4|22242
8|11|1282|11|0|4|46484
9|11|3400|11|0|4|135615
5|44|4661|32|12|8|75133
5|47|7591|40|7|9|104462
5|52|10086|35|17|9|138650
5|3|0|3|0|2|18
6|3|1|3|0|2|18
7|3|0|3|0|2|18
8|3|0|3|0|2|18
9|3|0|3|0|2|18
5|27|1081|23|4|7|21087
6|27|2816|23|4|7|49291
5|6|4|5|1|3|183
6|6|5|5|1|3|183
7|6|4|5|1|3|183
8|6|7|5|1|3|183
9|6|8|5|1|3|183
5|52|9654|37|15|9|131006
5|23|465|15|8|6|11557
6|23|1339|15|8|6|29612
7|23|6287|15|8|6|159438
5|6|9|6|0|3|419
6|6|13|6|0|3|684
7|6|15|6|0|3|684
8|6|14|6|0|3|684
9|6|16|6|0|3|684
5|16|90|11|5|5|2709
6|16|245|11|5|5|6513
7|16|826|11|5|5|25341
8|16|1547|11|5|5|47033
5|24|402|16|8|5|12355
6|24|1175|16|8|5|30247
7|24|5854|16|8|5|181360
5|4|0|2|2|3|10
6|4|0|2|2|3|10
7|4|0|2|2|3|10
8|4|0|2|2|3|10
9|4|0|2|2|3|10
5|3|0|3|0|2|15
6|3|0|3|0|2|15
7|3|0|3|0|2|15
8|3|0|3|0|2|15
9|3|0|3|0|2|15
5|20|436|18|2|6|10401
6|20|1886|18|2|6|43989
7|20|7166|18|2|6|181678
5|27|1084|20|7|7|20677
6|27|3517|20|7|7|61128
5|5|4|5|0|3|179
6|5|4|5|0|3|179
7|5|4|5|0|3|179
8|5|5|5|0|3|179
9|5|4|5|0|3|179
5|32|1624|24|8|7|29348
6|32|6064|24|8|7|106184
5|25|570|19|6|6|14009
6|25|1717|19|6|6|33357
7|25|10519|19|6|6|249493
5|10|30|9|1|4|1123
6|10|79|9|1|4|2580
7|10|176|9|1|4|6123
8|10|336|9|1|4|12117
9|10|425|9|1|4|18293
5|25|620|17|8|6|14961
6|25|2848|17|8|6|62943
7|25|11437|17|8|6|273199
5|17|224|11|6|5|6374
6|17|421|11|6|5|11696
7|17|1453|11|6|5|42171
8|17|2820|11|6|5|83522
5|27|924|21|6|7|17945
6|27|2726|21|6|7|43799
5|3|0|3|0|2|15
6|3|0|3|0|2|15
7|3|0|3|0|2|15
8|3|0|3|0|2|15
9|3|1|3|0|2|15
5|2|0|2|0|2|5
6|2|0|2|0|2|5
7|2|0|2|0|2|5
8|2|0|2|0|2|5
9|2|0|2|0|2|5
5|2|0|2|0|2|5
6|2|0|2|0|2|5
7|2|0|2|0|2|5
8|2|0|2|0|2|5
9|2|0|2|0|2|5
5|19|515|19|0|5|15066
6|19|1584|19|0|5|43009
7|19|7846|19|0|5|235483
5|51|9699|41|10|9|128401
5|11|24|9|2|4|914
6|11|67|9|2|4|1990
7|11|126|9|2|4|4600
8|11|222|9|2|4|8334
9|11|302|9|2|4|11849
5|12|88|10|2|4|3102
6|12|264|10|2|4|9811
7|12|807|10|2|4|30696
8|12|1449|10|2|4|57624
9|12|4045|10|2|4|161624
5|7|6|6|1|4|260
6|7|11|6|1|4|393
7|7|11|6|1|4|393
8|7|11|6|1|4|393
9|7|11|6|1|4|393
5|4|0|2|2|3|10
6|4|0|2|2|3|10
7|4|0|2|2|3|10
8|4|0|2|2|3|10
9|4|0|2|2|3|10
5|7|16|7|0|4|659
6|7|26|7|0|4|1022
7|7|39|7|0|4|1132
8|7|29|7|0|4|1132
9|7|29|7|0|4|1132
5|6|0|3|3|3|28
6|6|2|3|3|3|28
7|6|1|3|3|3|28
8|6|0|3|3|3|28
9|6|1|3|3|3|28
5|7|7|6|1|3|270
6|7|9|6|1|3|416
7|7|10|6|1|3|416
8|7|9|6|1|3|416
9|7|10|6|1|3|416
5|16|115|13|3|5|3181
6|16|391|13|3|5|10618
7|16|1159|13|3|5|32961
8|16|3497|13|3|5|100835
5|10|26|8|2|4|985
6|10|61|8|2|4|2068
7|10|97|8|2|4|3842
8|10|174|8|2|4|5806
9|10|156|8|2|4|5806
5|37|2183|30|7|7|43404
5|5|3|5|0|3|149
6|5|12|5|0|3|149
7|5|6|5|0|3|149
8|5|5|5|0|3|149
9|5|3|5|0|3|149
5|5|1|4|1|3|51
6|5|2|4|1|3|51
7|5|1|4|1|3|51
8|5|2|4|1|3|51
9|5|2|4|1|3|51
5|37|2720|30|7|7|53890
5|40|4080|29|11|8|64785
5|47|5948|33|14|8|98181
5|3|0|3|0|2|18
6|3|0|3|0|2|18
7|3|0|3|0|2|18
8|3|0|3|0|2|18
9|3|0|3|0|2|18
5|20|246|17|3|5|7717
6|20|777|17|3|5|20372
7|20|3946|17|3|5|120041
5|23|439|15|8|6|10277
6|23|1352|15|8|6|28618
7|23|6441|15|8|6|150311
5|52|10831|37|15|9|140541
5|10|14|5|5|4|424
6|10|15|5|5|4|424
7|10|15|5|5|4|424
8|10|12|5|5|4|424
9|10|12|5|5|4|424
5|11|37|7|4|4|983
6|11|58|7|4|4|2292
7|11|118|7|4|4|4479
8|11|123|7|4|4|4479
9|11|121|7|4|4|4479
5|30|1131|21|9|7|22689
6|30|4206|21|9|7|76069
5|46|5584|35|11|8|86357
5|33|1888|22|11|7|32572
6|33|7334|22|11|7|126578
5|4|0|2|2|2|9
6|4|0|2|2|2|9
7|4|0|2|2|2|9
8|4|1|2|2|2|9
9|4|1|2|2|2|9
5|25|667|18|7|6|14341
6|25|2215|18|7|6|48402
7|25|9984|18|7|6|241327
5|5|1|4|1|3|48
6|5|1|4|1|3|48
7|5|1|4|1|3|48
8|5|1|4|1|3|48
9|5|1|4|1|3|48
5|28|1065|19|9|7|18764
6|28|3039|19|9|7|49503
5|43|4123|36|7|8|71350
5|37|2685|28|9|7|49314
5|3|0|3|0|2|18
6|3|0|3|0|2|18
7|3|0|3|0|2|18
8|3|0|3|0|2|18
9|3|0|3|0|2|18
5|36|3381|29|7|8|52861
5|40|3923|32|8|8|64428
5|29|1197|21|8|7|23188
6|29|3719|21|8|7|61047
5|49|9151|34|15|9|115930
5|11|68|9|2|4|2497
6|11|230|9|2|4|7575
7|11|445|9|2|4|16840
8|11|786|9|2|4|31087
9|11|1452|9|2|4|60705
5|5|2|4|1|3|91
6|5|2|4|1|3|91
7|5|2|4|1|3|91
8|5|2|4|1|3|91
9|5|3|4|1|3|91
5|15|64|9|6|5|1840
6|15|145|9|6|5|3989
7|15|300|9|6|5|9481
8|15|525|9|6|5|17010
5|33|1282|19|14|7|25005
6|33|4456|19|14|7|80974
5|45|5083|39|6|8|85780
5|6|8|6|0|4|335
6|6|14|6|0|4|571
7|6|16|6|0|4|571
8|6|15|6|0|4|571
9|6|15|6|0|4|571
5|2|0|1|1|2|3
6|2|0|1|1|2|3
7|2|0|1|1|2|3
8|2|0|1|1|2|3
9|2|0|1|1|2|3
5|36|2640|28|8|7|50416
5|23|486|17|6|6|11436
6|23|1593|17|6|6|35932
7|23|6525|17|6|6|152626
5|23|600|17|6|6|13083
6|23|1427|17|6|6|31087
7|23|7737|17|6|6|193152
5|7|3|5|2|4|127
6|7|3|5|2|4|127
7|7|4|5|2|4|127
8|7|4|5|2|4|127
9|7|3|5|2|4|127
5|50|8447|34|16|9|114029
5|13|57|9|4|5|1599
6|13|140|9|4|5|3637
7|13|323|9|4|5|9035
8|13|559|9|4|5|16186
5|14|113|12|2|5|3250
6|14|240|12|2|5|6492
7|14|941|12|2|5|25687
8|14|1770|12|2|5|51092
5|34|3188|24|10|8|47739
6|34|11781|24|10|8|174128
5|7|1|4|3|3|72
6|7|2|4|3|3|72
7|7|2|4|3|3|72
8|7|2|4|3|3|72
9|7|2|4|3|3|72
5|14|46|10|4|4|1603
6|14|100|10|4|4|3194
7|14|240|10|4|4|9260
8|14|433|10|4|4|16896
5|33|1675|24|9|7|31971
6|33|4938|24|9|7|79181
5|46|6238|40|6|8|100100
5|14|76|11|3|5|2170
6|14|167|11|3|5|4549
7|14|577|11|3|5|17880
8|14|1005|11|3|5|30609
5|7|3|5|2|3|140
6|7|7|5|2|3|140
7|7|4|5|2|3|140
8|7|3|5|2|3|140
9|7|3|5|2|3|140
5|11|24|8|3|4|924
6|11|54|8|3|4|1741
7|11|99|8|3|4|3943
8|11|167|8|3|4|5639
9|11|159|8|3|4|5639
5|30|1271|23|7|7|24829
6|30|4149|23|7|7|67087
5|50|7496|38|12|8|114891
5|2|0|2|0|2|6
6|2|0|2|0|2|6
7|2|0|2|0|2|6
8|2|0|2|0|2|6
9|2|0|2|0|2|6
5|7|9|7|0|3|468
6|7|18|7|0|3|854
7|7|25|7|0|3|1239
8|7|27|7|0|3|1239
9|7|25|7|0|3|1239
5|16|169|11|5|5|3445
6|16|318|11|5|5|8149
7|16|835|11|5|5|26157
8|16|1993|11|5|5|61670
5|47|5413|31|16|8|84608
5|49|7665|36|13|8|116116
5|55|13338|38|17|9|174421
5|33|1814|24|9|7|36603
6|33|7126|24|9|7|122462
5|42|7396|36|6|8|116619
5|41|4307|29|12|8|70329
5|27|646|20|7|6|15794
6|27|2065|20|7|6|41005
5|18|317|16|2|5|9174
6|18|1591|16|2|5|44560
7|18|5908|16|2|5|177794
8|18|19430|16|2|5|555039
5|28|908|22|6|6|22590
6|28|3786|22|6|6|80059
5|33|1307|20|13|7|25842
6|33|4198|20|13|7|72044
5|7|1|4|3|3|59
6|7|2|4|3|3|59
7|7|2|4|3|3|59
8|7|1|4|3|3|59
9|7|2|4|3|3|59
5|9|51|9|0|4|1442
6|9|95|9|0|4|3664
7|9|221|9|0|4|8675
8|9|442|9|0|4|17944
9|9|490|9|0|4|21026
5|15|132|10|5|5|3615
6|15|235|10|5|5|6723
7|15|736|10|5|5|22730
8|15|1693|10|5|5|53555
5|52|9625|40|12|9|133545
5|14|80|11|3|4|2722
6|14|191|11|3|4|6747
7|14|589|11|3|4|21733
8|14|1238|11|3|4|47200
5|52|9187|37|15|9|126682
5|12|46|9|3|4|1496
6|12|73|9|3|4|2726
7|12|213|9|3|4|8373
8|12|378|9|3|4|15321
9|12|667|9|3|4|27744
5|8|7|5|3|4|298
6|8|8|5|3|4|298
7|8|9|5|3|4|298
8|8|11|5|3|4|298
9|8|11|5|3|4|298
5|46|5712|40|6|8|94629
5|52|9730|39|13|9|131267
5|28|731|22|6|6|16981
6|28|2065|22|6|6|42561
5|2|0|1|1|2|3
6|2|1|1|1|2|3
7|2|0|1|1|2|3
8|2|0|1|1|2|3
9|2|0|1|1|2|3
5|10|20|8|2|5|661
6|10|39|8|2|5|1230
7|10|82|8|2|5|2548
8|10|113|8|2|5|3936
9|10|127|8|2|5|3936
5|16|224|14|2|5|6667
6|16|812|14|2|5|23306
7|16|2837|14|2|5|87015
8|16|11103|14|2|5|335098
5|17|146|11|6|5|4186
6|17|315|11|6|5|8487
7|17|1136|11|6|5|35554
8|17|1960|11|6|5|59514
5|26|745|20|6|6|18118
6|26|2575|20|6|6|48844
5|6|1|4|2|3|70
6|6|2|4|2|3|70
7|6|2|4|2|3|70
8|6|2|4|2|3|70
9|6|6|4|2|3|70
5|2|0|2|0|2|5
6|2|0|2|0|2|5
7|2|0|2|0|2|5
8|2|0|2|0|2|5
9|2|0|2|0|2|5
5|30|1410|25|5|7|27270
6|30|4612|25|5|7|71162
5|6|6|6|0|3|284
6|6|10|6|0|3|514
7|6|11|6|0|3|514
8|6|12|6|0|3|514
9|6|11|6|0|3|514
5|4|0|3|1|3|19
6|4|0|3|1|3|19
7|4|0|3|1|3|19
8|4|0|3|1|3|19
9|4|0|3|1|3|19
5|1|0|1|0|2|2
6|1|0|1|0|2|2
7|1|0|1|0|2|2
8|1|0|1|0|2|2
9|1|0|1|0|2|2
5|14|93|12|2|5|2682
6|14|266|12|2|5|7290
7|14|961|12|2|5|28193
8|14|2008|12|2|5|58863
5|2|0|1|1|2|3
6|2|0|1|1|2|3
7|2|0|1|1|2|3
8|2|0|1|1|2|3
9|2|0|1|1|2|3
5|14|91|12|2|4|3190
6|14|232|12|2|4|8106
7|14|688|12|2|4|26803
8|14|1960|12|2|4|75589
5|12|18|8|4|4|678
6|12|32|8|4|4|1231
7|12|65|8|4|4|2264
8|12|75|8|4|4|3309
9|12|91|8|4|4|3309
5|17|234|16|1|6|5745
6|17|631|16|1|6|14464
7|17|3131|16|1|6|78095
8|17|8863|16|1|6|199724
5|7|8|6|1|3|357
6|7|12|6|1|3|591
7|7|14|6|1|3|591
8|7|13|6|1|3|591
9|7|13|6|1|3|591
5|8|21|7|1|4|619
6|8|42|7|1|4|1715
7|8|45|7|1|4|1916
8|8|56|7|1|4|1916
9|8|49|7|1|4|1916
5|23|535|18|5|6|12097
6|23|1784|18|5|6|39088
7|23|9007|18|5|6|217739
5|14|96|12|2|5|2911
6|14|266|12|2|5|7770
7|14|919|12|2|5|29667
8|14|2236|12|2|5|71042
5|21|362|16|5|6|9008
6|21|1110|16|5|6|25325
7|21|5321|16|5|6|133615
5|55|10388|41|14|9|141396
5|18|195|13|5|5|5586
6|18|697|13|5|5|19664
7|18|1904|13|5|5|57429
8|18|5830|13|5|5|172521
5|1|1|1|0|2|2
6|1|0|1|0|2|2
7|1|0|1|0|2|2
8|1|0|1|0|2|2
9|1|0|1|0|2|2
5|35|2421|25|10|8|39369
6|35|8014|25|10|8|108788
5|54|11613|39|15|9|161001
5|12|32|9|3|4|1136
6|12|86|9|3|4|2817
7|12|173|9|3|4|6434
8|12|292|9|3|4|11248
9|12|426|9|3|4|17112
5|10|19|7|3|4|419
6|10|18|7|3|4|725
7|10|30|7|3|4|1228
8|10|30|7|3|4|1228
9|10|36|7|3|4|1228
5|8|17|8|0|3|899
6|8|50|8|0|3|2390
7|8|110|8|0|3|5236
8|8|176|8|0|3|8172
9|8|174|8|0|3|8172
5|4|1|3|1|4|20
6|4|1|3|1|4|20
7|4|1|3|1|4|20
8|4|2|3|1|4|20
9|4|0|3|1|4|20
5|24|999|21|3|6|24385
6|24|3070|21|3|6|63512
7|24|23636|21|3|6|549256
5|11|82|9|2|4|3075
6|11|169|9|2|4|6192
7|11|471|9|2|4|18918
8|11|887|9|2|4|36291
9|11|1973|9|2|4|82504
5|2|0|2|0|2|5
6|2|0|2|0|2|5
7|2|0|2|0|2|5
8|2|0|2|0|2|5
9|2|0|2|0|2|5
5|2|0|2|0|2|6
6|2|0|2|0|2|6
7|2|0|2|0|2|6
8|2|0|2|0|2|6
9|2|0|2|0|2|6
5|14|80|11|3|4|2951
6|14|266|11|3|4|9146
7|14|660|11|3|4|25747
8|14|1588|11|3|4|61593
5|20|567|16|4|6|14371
6|20|1415|16|4|6|31857
7|20|6884|16|4|6|176441
5|50|10426|32|18|9|144798
5|25|859|20|5|6|21337
6|25|2955|20|5|6|66058
7|25|16282|20|5|6|404664
5|3|0|3|0|3|16
6|3|0|3|0|3|16
7|3|0|3|0|3|16
8|3|0|3|0|3|16
9|3|0|3|0|3|16
5|35|1649|21|14|7|32132
6|35|6046|21|14|7|99781
5|8|30|8|0|4|1111
6|8|105|8|0|4|3325
7|8|140|8|0|4|5230
8|8|200|8|0|4|7958
9|8|208|8|0|4|7958
5|25|793|21|4|6|19602
6|25|2222|21|4|6|48119
7|25|14667|21|4|6|363632
5|24|509|19|5|6|11608
6|24|1558|19|5|6|35620
7|24|8000|19|5|6|198622
5|17|168|13|4|5|4934
6|17|551|13|4|5|15973
7|17|1931|13|4|5|59080
8|17|6025|13|4|5|183626
5|17|221|14|3|5|6467
6|17|663|14|3|5|18744
7|17|2309|14|3|5|70388
8|17|6727|14|3|5|201195
5|39|3012|30|9|8|50017
5|21|670|18|3|6|16424
6|21|2284|18|3|6|50513
7|21|12641|18|3|6|310545
5|21|383|16|5|6|9083
6|21|1481|16|5|6|32624
7|21|5208|16|5|6|128575
5|11|64|9|2|5|2024
6|11|244|9|2|5|7581
7|11|408|9|2|5|12995
8|11|954|9|2|5|32879
9|11|1134|9|2|5|41335
5|9|29|7|2|4|777
6|9|43|7|2|4|1648
7|9|60|7|2|4|2411
8|9|79|7|2|4|2411
9|9|76|7|2|4|2411
5|21|320|18|3|6|7818
6|21|866|18|3|6|19315
7|21|4844|18|3|6|123726
5|30|1022|20|10|7|20609
6|30|3044|20|10|7|54172
5|3|0|3|0|2|14
6|3|0|3|0|2|14
7|3|2|3|0|2|14
8|3|0|3|0|2|14
9|3|0|3|0|2|14
5|12|61|10|2|4|2124
6|12|117|10|2|4|4283
7|12|359|10|2|4|14238
8|12|750|10|2|4|30425
9|12|1373|10|2|4|56488
5|11|18|7|4|4|665
6|11|33|7|4|4|1294
7|11|66|7|4|4|2193
8|11|61|7|4|4|2193
9|11|63|7|4|4|2193
5|36|2331|25|11|7|47927
5|27|664|17|10|6|15949
6|27|2279|17|10|6|48650
5|17|151|13|4|5|4353
6|17|395|13|4|5|10661
7|17|1431|13|4|5|44010
8|17|3769|13|4|5|110837
5|11|24|6|5|4|985
6|11|43|6|5|4|1321
7|11|35|6|5|4|1321
8|11|36|6|5|4|1321
9|11|36|6|5|4|1321
5|36|3159|30|6|8|51277
5|55|13899|42|13|9|192376
5|35|2071|30|5|7|42284
6|35|10130|30|5|7|145878
5|5|5|5|0|3|170
6|5|6|5|0|3|170
7|5|6|5|0|3|170
8|5|4|5|0|3|170
9|5|4|5|0|3|170
5|46|6029|36|10|8|99018
5|5|2|5|0|3|97
6|5|2|5|0|3|97
7|5|2|5|0|3|97
8|5|2|5|0|3|97
9|5|3|5|0|3|97
5|23|633|22|1|6|14967
6|23|1760|22|1|6|36744
7|23|15199|22|1|6|370142
5|23|640|19|4|6|14994
6|23|1559|19|4|6|33029
7|23|8912|19|4|6|220838
5|2|0|2|0|2|6
6|2|0|2|0|2|6
7|2|0|2|0|2|6
8|2|0|2|0|2|6
9|2|0|2|0|2|6
5|5|2|5|0|3|109
6|5|2|5|0|3|109
7|5|2|5|0|3|109
8|5|2|5|0|3|109
9|5|2|5|0|3|109
5|25|720|21|4|7|14825
6|25|2159|21|4|7|39833
7|25|14351|21|4|7|297089
5|34|1876|22|12|7|36632
6|34|6106|22|12|7|105293
5|4|1|4|0|2|52
6|4|1|4|0|2|52
7|4|1|4|0|2|52
8|4|1|4|0|2|52
9|4|1|4|0|2|52
5|18|134|11|7|5|3874
6|18|380|11|7|5|11174
7|18|1283|11|7|5|38549
8|18|2713|11|7|5|86199
5|20|249|13|7|6|5793
6|20|597|13|7|6|13262
7|20|2347|13|7|6|58660
5|6|8|6|0|3|402
6|6|12|6|0|3|563
7|6|12|6|0|3|563
8|6|13|6|0|3|563
9|6|12|6|0|3|563
5|17|113|10|7|5|3215
6|17|299|10|7|5|8296
7|17|770|10|7|5|23652
8|17|1470|10|7|5|44997
5|7|3|4|3|3|129
6|7|3|4|3|3|129
7|7|3|4|3|3|129
8|7|3|4|3|3|129
9|7|3|4|3|3|129
5|40|4165|32|8|8|69542
5|6|4|6|0|3|175
6|6|8|6|0|3|366
7|6|8|6|0|3|366
8|6|8|6|0|3|366
9|6|9|6|0|3|366
5|35|1894|23|12|7|36944
6|35|7258|23|12|7|120720
5|15|109|9|6|5|2884
6|15|235|9|6|5|6749
7|15|473|9|6|5|15060
8|15|855|9|6|5|28835
5|1|0|1|0|2|2
6|1|0|1|0|2|2
7|1|0|1|0|2|2
8|1|0|1|0|2|2
9|1|0|1|0|2|2
5|3|0|3|0|3|14
6|3|0|3|0|3|14
7|3|0|3|0|3|14
8|3|0|3|0|3|14
9|3|0|3|0|3|14
5|2|0|1|1|2|3
6|2|0|1|1|2|3
7|2|0|1|1|2|3
8|2|0|1|1|2|3
9|2|0|1|1|2|3
5|35|1932|25|10|7|39504
6|35|6534|25|10|7|104113
5|30|1071|19|11|7|21394
6|30|3594|19|11|7|66493
5|3|0|3|0|2|14
6|3|0|3|0|2|14
7|3|0|3|0|2|14
8|3|0|3|0|2|14
9|3|0|3|0|2|14
5|46|5330|33|13|8|87816
5|7|4|5|2|3|202
6|7|4|5|2|3|202
7|7|7|5|2|3|202
8|7|13|5|2|3|202
9|7|5|5|2|3|202
5|39|2819|28|11|7|57198
5|49|5905|32|17|8|97888
5|50|9450|38|12|9|129394
5|2|0|2|0|2|6
6|2|0|2|0|2|6
7|2|0|2|0|2|6
8|2|0|2|0|2|6
9|2|0|2|0|2|6
5|24|541|15|9|6|12969
6|24|1575|15|9|6|34607
7|24|6911|15|9|6|170227
5|1|0|1|0|2|2
6|1|0|1|0|2|2
7|1|0|1|0|2|2
8|1|0|1|0|2|2
9|1|0|1|0|2|2
5|55|15271|41|14|10|177180
5|16|131|12|4|5|3823
6|16|377|12|4|5|10443
7|16|1425|12|4|5|45976
8|16|2397|12|4|5|75760
5|45|4825|32|13|8|80310
5|49|8999|38|11|8|152880
5|37|2520|26|11|7|50526
5|5|0|3|2|3|22
6|5|0|3|2|3|22
7|5|1|3|2|3|22
8|5|0|3|2|3|22
9|5|0|3|2|3|22
5|3|0|3|0|3|16
6|3|0|3|0|3|16
7|3|0|3|0|3|16
8|3|0|3|0|3|16
9|3|0|3|0|3|16
5|4|1|4|0|2|46
6|4|2|4|0|2|46
7|4|1|4|0|2|46
8|4|1|4|0|2|46
9|4|1|4|0|2|46
5|15|85|11|4|5|2350
6|15|205|11|4|5|5812
7|15|556|11|4|5|17879
8|15|1285|11|4|5|41688
5|3|0|3|0|2|14
6|3|0|3|0|2|14
7|3|0|3|0|2|14
8|3|0|3|0|2|14
9|3|0|3|0|2|14
5|32|1914|22|10|8|30988
6|32|6708|22|10|8|101301
5|26|733|19|7|6|17353
6|26|3034|19|7|6|68373
5|17|209|15|2|5|6214
6|17|600|15|2|5|17026
7|17|2394|15|2|5|74787
8|17|7586|15|2|5|222398
5|14|43|9|5|4|1670
6|14|100|9|5|4|3202
7|14|244|9|5|4|9658
8|14|355|9|5|4|14301
5|12|47|11|1|4|1667
6|12|130|11|1|4|4445
7|12|350|11|1|4|13632
8|12|811|11|1|4|31285
9|12|1939|11|1|4|79920
5|13|50|10|3|5|1626
6|13|122|10|3|5|3584
7|13|295|10|3|5|9683
8|13|545|10|3|5|18326
5|1|0|1|0|2|2
6|1|0|1|0|2|2
7|1|0|1|0|2|2
8|1|0|1|0|2|2
9|1|0|1|0|2|2
5|35|2170|30|5|7|44354
6|35|8745|30|5|7|148608
5|12|24|7|5|4|937
6|12|52|7|5|4|1645
7|12|74|7|5|4|3031
8|12|84|7|5|4|3031
9|12|82|7|5|4|3031
5|3|0|3|0|2|16
6|3|0|3|0|2|16
7|3|0|3|0|2|16
8|3|0|3|0|2|16
9|3|0|3|0|2|16
5|50|8805|39|11|9|121463
5|27|731|17|10|6|17634
6|27|2612|17|10|6|57700
5|49|7310|38|11|8|123337
5|55|12162|41|14|9|165838
5|34|1889|25|9|7|36571
6|34|6750|25|9|7|118892
5|31|1806|21|10|8|29613
6|31|5711|21|10|8|85942
5|37|2264|32|5|7|48123
5|15|156|12|3|5|4454
6|15|408|12|3|5|11600
7|15|1528|12|3|5|47665
8|15|3271|12|3|5|99856
5|43|4486|33|10|8|75232
5|53|10517|35|18|9|147496
5|16|123|11|5|5|3508
6|16|420|11|5|5|12697
7|16|880|11|5|5|28226
8|16|2707|11|5|5|88256
5|12|40|8|4|4|921
6|12|59|8|4|4|2282
7|12|120|8|4|4|4316
8|12|173|8|4|4|6983
9|12|181|8|4|4|6983
5|38|3026|25|13|8|49909
5|10|29|7|3|4|778
6|10|40|7|3|4|1549
7|10|85|7|3|4|3137
8|10|81|7|3|4|3137
9|10|96|7|3|4|3137
5|44|4809|35|9|8|81594
5|2|0|2|0|2|6
6|2|0|2|0|2|6
7|2|0|2|0|2|6
8|2|0|2|0|2|6
9|2|0|2|0|2|6
5|4|0|3|1|3|15
6|4|1|3|1|3|15
7|4|1|3|1|3|15
8|4|0|3|1|3|15
9|4|0|3|1|3|15
5|9|7|5|4|4|296
6|9|8|5|4|4|296
7|9|10|5|4|4|296
8|9|8|5|4|4|296
9|9|8|5|4|4|296
5|23|479|17|6|6|11756
6|23|1189|17|6|6|25255
7|23|7527|17|6|6|185860
5|17|128|12|5|5|3557
6|17|323|12|5|5|9071
7|17|945|12|5|5|29514
8|17|2041|12|5|5|63553
5|32|1315|22|10|7|25788
6|32|4690|22|10|7|78839
5|40|3525|32|8|8|60083
5|25|551|18|7|6|13154
6|25|1695|18|7|6|37283
7|25|9247|18|7|6|232744
5|25|708|20|5|6|15184
6|25|2102|20|5|6|45236
7|25|12211|20|5|6|303792
5|12|71|9|3|4|2652
6|12|200|9|3|4|7542
7|12|437|9|3|4|17795
8|12|871|9|3|4|35385
9|12|1177|9|3|4|50202
5|8|19|7|1|3|481
6|8|22|7|1|3|831
7|8|28|7|1|3|1331
8|8|34|7|1|3|1331
9|8|39|7|1|3|1331
5|5|3|5|0|3|149
6|5|4|5|0|3|149
7|5|4|5|0|3|149
8|5|3|5|0|3|149
9|5|4|5|0|3|149
5|6|8|6|0|3|391
6|6|14|6|0|3|603
7|6|13|6|0|3|603
8|6|14|6|0|3|603
9|6|15|6|0|3|603
5|10|51|10|0|4|1991
6|10|124|10|0|4|4362
7|10|330|10|0|4|13252
8|10|723|10|0|4|28633
9|10|1329|10|0|4|56361
5|11|27|8|3|4|1048
6|11|68|8|3|4|2217
7|11|127|8|3|4|4543
8|11|254|8|3|4|9774
9|11|252|8|3|4|9774
5|7|6|5|2|3|138
6|7|8|5|2|3|138
7|7|6|5|2|3|138
8|7|6|5|2|3|138
9|7|3|5|2|3|138
5|51|8644|35|16|9|118731
5|14|120|10|4|5|3510
6|14|297|10|4|5|8757
7|14|687|10|4|5|21624
8|14|1496|10|4|5|48291
5|8|19|7|1|4|517
6|8|25|7|1|4|947
7|8|32|7|1|4|1318
8|8|41|7|1|4|1318
9|8|34|7|1|4|1318
5|53|9767|41|12|9|138845
5|16|111|13|3|5|3259
6|16|249|13|3|5|7379
7|16|934|13|3|5|31196
8|16|2038|13|3|5|64094
5|29|1017|22|7|6|24772
6|29|4074|22|7|6|88903
5|6|3|4|2|3|64
6|6|2|4|2|3|64
7|6|2|4|2|3|64
8|6|2|4|2|3|64
9|6|1|4|2|3|64
5|21|293|15|6|6|7210
6|21|886|15|6|6|21178
7|21|3627|15|6|6|91036
5|23|573|21|2|6|13845
6|23|2114|21|2|6|48175
7|23|10883|21|2|6|264208
5|6|1|4|2|3|62
6|6|2|4|2|3|62
7|6|2|4|2|3|62
8|6|1|4|2|3|62
9|6|2|4|2|3|62
5|37|2839|29|8|8|45603
5|5|3|4|1|3|58
6|5|3|4|1|3|58
7|5|3|4|1|3|58
8|5|3|4|1|3|58
9|5|3|4|1|3|58
5|11|89|11|0|5|2010
6|11|157|11|0|5|4379
7|11|468|11|0|5|14769
8|11|1264|11|0|5|39532
9|11|2804|11|0|5|94095
5|27|847|17|10|7|16602
6|27|3165|17|10|7|58500
5|54|12927|40|14|10|149948
5|51|11811|38|13|9|160905
5|18|143|13|5|5|4234
6|18|360|13|5|5|9538
7|18|1409|13|5|5|44243
8|18|3250|13|5|5|92906
5|34|1727|24|10|7|35281
6|34|6649|24|10|7|110007
5|55|10778|39|16|9|150911
5|1|0|1|0|2|2
6|1|0|1|0|2|2
7|1|0|1|0|2|2
8|1|0|1|0|2|2
9|1|0|1|0|2|2
5|2|0|2|0|2|5
6|2|0|2|0|2|5
7|2|0|2|0|2|5
8|2|0|2|0|2|5
9|2|0|2|0|2|5
5|48|6564|40|8|8|112403
5|47|7350|34|13|9|101065
5|27|776|22|5|6|19505
6|27|3730|22|5|6|79841
5|18|155|11|7|5|4588
6|18|382|11|7|5|10877
7|18|1202|11|7|5|37265
8|18|2441|11|7|5|75310
5|3|0|3|0|2|18
6|3|0|3|0|2|18
7|3|0|3|0|2|18
8|3|0|3|0|2|18
9|3|0|3|0|2|18
5|12|47|9|3|5|1459
6|12|100|9|3|5|2780
7|12|301|9|3|5|8811
8|12|472|9|3|5|15388
9|12|791|9|3|5|25607
5|2|0|1|1|2|3
6|2|0|1|1|2|3
7|2|0|1|1|2|3
8|2|0|1|1|2|3
9|2|0|1|1|2|3
5|16|112|11|5|5|3084
6|16|239|11|5|5|6668
7|16|843|11|5|5|26386
8|16|1540|11|5|5|48103
5|54|10683|35|19|9|148314
5|2|0|2|0|2|5
6|2|0|2|0|2|5
7|2|0|2|0|2|5
8|2|0|2|0|2|5
9|2|0|2|0|2|5
5|54|13332|37|17|10|153054
5|8|6|6|2|3|326
6|8|12|6|2|3|519
7|8|13|6|2|3|519
8|8|17|6|2|3|519
9|8|12|6|2|3|519
5|50|7083|42|8|8|118911
5|22|875|20|2|6|22155
6|22|4974|20|2|6|114170
7|22|23817|20|2|6|591382
5|17|144|12|5|5|4142
6|17|481|12|5|5|12630
7|17|1250|12|5|5|39148
8|17|2944|12|5|5|89105
5|21|305|16|5|6|7555
6|21|1137|16|5|6|25602
7|21|5247|16|5|6|134398
5|44|4583|32|12|8|77727
5|47|5988|40|7|8|101370
5|41|4238|29|12|8|70564
5|13|59|10|3|5|1875
6|13|156|10|3|5|4118
7|13|444|10|3|5|13610
8|13|910|10|3|5|27760
5|29|833|21|8|6|20468
6|29|3392|21|8|6|71596
5|9|14|7|2|4|537
6|9|27|7|2|4|1036
7|9|68|7|2|4|2162
8|9|57|7|2|4|2162
9|9|60|7|2|4|2162
5|9|14|7|2|4|509
6|9|28|7|2|4|785
7|9|34|7|2|4|1374
8|9|36|7|2|4|1374
9|9|39|7|2|4|1374
5|22|586|16|6|6|14071
6|22|1820|16|6|6|42174
7|22|8756|16|6|6|214586
5|18|125|12|6|5|3655
6|18|301|12|6|5|8236
7|18|981|12|6|5|31317
8|18|2206|12|6|5|67508
5|35|2252|27|8|7|45120
6|35|11277|27|8|7|202598
5|4|0|2|2|2|9
6|4|0|2|2|2|9
7|4|0|2|2|2|9
8|4|0|2|2|2|9
9|4|0|2|2|2|9
5|34|2571|24|10|8|41886
6|34|11661|24|10|8|180731
5|41|3625|28|13|8|58509
5|46|5396|34|12|8|89364
5|25|689|18|7|7|13772
6|25|1892|18|7|7|35018
7|25|10718|18|7|7|217141
5|38|2542|25|13|7|51306
5|2|0|1|1|2|3
6|2|0|1|1|2|3
7|2|0|1|1|2|3
8|2|0|1|1|2|3
9|2|0|1|1|2|3
5|7|3|4|3|3|151
6|7|3|4|3|3|151
7|7|3|4|3|3|151
8|7|3|4|3|3|151
9|7|8|4|3|3|151
5|12|97|11|1|4|3587
6|12|271|11|1|4|8822
7|12|823|11|1|4|31759
8|12|1492|11|1|4|56811
9|12|4115|11|1|4|163568
5|47|7035|35|12|8|116140
5|8|31|8|0|3|1291
6|8|76|8|0|3|3144
7|8|77|8|0|3|3826
8|8|143|8|0|3|6666
9|8|141|8|0|3|6666
5|47|5547|34|13|8|91221
5|3|0|3|0|2|15
6|3|0|3|0|2|15
7|3|0|3|0|2|15
8|3|0|3|0|2|15
9|3|0|3|0|2|15
5|4|0|2|2|2|9
6|4|0|2|2|2|9
7|4|0|2|2|2|9
8|4|0|2|2|2|9
9|4|0|2|2|2|9
5|55|12390|36|19|9|169454
5|4|0|3|1|3|17
6|4|0|3|1|3|17
7|4|0|3|1|3|17
8|4|0|3|1|3|17
9|4|0|3|1|3|17
5|5|1|4|1|3|49
6|5|1|4|1|3|49
7|5|1|4|1|3|49
8|5|1|4|1|3|49
9|5|1|4|1|3|49
5|2|0|1|1|3|3
6|2|0|1|1|3|3
7|2|0|1|1|3|3
8|2|0|1|1|3|3
9|2|0|1|1|3|3
5|36|4087|25|11|8|67099
5|46|5878|35|11|8|97002
5|17|130|13|4|5|3716
6|17|313|13|4|5|8837
7|17|1110|13|4|5|34471
8|17|2586|13|4|5|79357
5|11|25|8|3|4|987
6|11|56|8|3|4|2081
7|11|115|8|3|4|4271
8|11|188|8|3|4|6879
9|11|188|8|3|4|6879
5|6|6|6|0|3|302
6|6|11|6|0|3|456
7|6|10|6|0|3|456
8|6|10|6|0|3|456
9|6|10|6|0|3|456
5|25|723|17|8|7|13617
6|25|2920|17|8|7|50402
7|25|12602|17|8|7|244766
5|5|3|5|0|3|167
6|5|4|5|0|3|167
7|5|4|5|0|3|167
8|5|4|5|0|3|167
9|5|4|5|0|3|167
5|7|9|6|1|4|325
6|7|16|6|1|4|673
7|7|18|6|1|4|673
8|7|17|6|1|4|673
9|7|30|6|1|4|673
5|18|157|12|6|5|4732
6|18|366|12|6|5|9620
7|18|1380|12|6|5|43443
8|18|2930|12|6|5|86003
5|5|0|3|2|3|18
6|5|0|3|2|3|18
7|5|0|3|2|3|18
8|5|1|3|2|3|18
9|5|0|3|2|3|18
5|7|11|7|0|3|571
6|7|27|7|0|3|1253
7|7|24|7|0|3|1193
8|7|38|7|0|3|1193
9|7|26|7|0|3|1193
5|34|1812|25|9|7|35629
6|34|8775|25|9|7|159289
5|16|180|13|3|5|5296
6|16|423|13|3|5|11858
7|16|1661|13|3|5|50715
8|16|3932|13|3|5|118279
5|14|106|10|4|5|2870
6|14|191|10|4|5|5057
7|14|748|10|4|5|23439
8|14|1295|10|4|5|40657
5|2|0|2|0|2|5
6|2|0|2|0|2|5
7|2|0|2|0|2|5
8|2|0|2|0|2|5
9|2|0|2|0|2|5
5|24|689|22|2|6|16687
6|24|2108|22|2|6|44513
7|24|16806|22|2|6|406885
5|37|2062|27|10|7|41897
5|3|0|3|0|2|14
6|3|0|3|0|2|14
7|3|0|3|0|2|14
8|3|0|3|0|2|14
9|3|0|3|0|2|14
5|54|9697|36|18|8|165119
5|1|0|1|0|2|2
6|1|0|1|0|2|2
7|1|0|1|0|2|2
8|1|0|1|0|2|2
9|1|0|1|0|2|2
5|18|209|14|4|5|6204
6|18|663|14|4|5|18688
7|18|2476|14|4|5|76322
8|18|7103|14|4|5|211705
5|23|410|17|6|6|9918
6|23|1180|17|6|6|26153
7|23|6007|17|6|6|149517
5|26|767|21|5|6|18476
6|26|2683|21|5|6|57072
5|2|0|2|0|2|6
6|2|0|2|0|2|6
7|2|0|2|0|2|6
8|2|0|2|0|2|6
9|2|0|2|0|2|6
5|15|105|12|3|5|2939
6|15|269|12|3|5|7524
7|15|894|12|3|5|27629
8|15|1998|12|3|5|59815
5|47|7325|29|18|9|96186
5|7|15|7|0|3|721
6|7|31|7|0|3|1508
7|7|50|7|0|3|2087
8|7|43|7|0|3|2087
9|7|42|7|0|3|2087
5|16|125|13|3|5|3754
6|16|319|13|3|5|8700
7|16|1250|13|3|5|39528
8|16|2853|13|3|5|83189
5|14|57|9|5|4|2196
6|14|129|9|5|4|4534
7|14|307|9|5|4|12271
8|14|653|9|5|4|26597
5|11|32|8|3|4|1266
6|11|65|8|3|4|2337
7|11|140|8|3|4|5272
8|11|224|8|3|4|8985
9|11|236|8|3|4|8985
5|29|1197|26|3|7|24189
6|29|5038|26|3|7|88561
5|41|3935|23|18|8|61965
5|38|2587|28|10|7|51945
5|28|602|16|12|6|14157
6|28|1663|16|12|6|35390
5|11|21|7|4|4|835
6|11|66|7|4|4|1853
7|11|71|7|4|4|2881
8|11|84|7|4|4|2881
9|11|75|7|4|4|2881
5|52|9565|39|13|9|132783
5|3|0|3|0|2|14
6|3|0|3|0|2|14
7|3|0|3|0|2|14
8|3|0|3|0|2|14
9|3|0|3|0|2|14
5|26|554|21|5|6|14241
6|26|1665|21|5|6|35126
5|16|123|12|4|5|3672
6|16|321|12|4|5|9119
7|16|1077|12|4|5|34483
8|16|2623|12|4|5|79871
5|11|32|8|3|4|1263
6|11|91|8|3|4|3086
7|11|141|8|3|4|5560
8|11|206|8|3|4|8344
9|11|244|8|3|4|8344
5|34|1738|25|9|7|35617
6|34|7086|25|9|7|124959
5|19|191|16|3|5|5784
6|19|537|16|3|5|13672
7|19|2371|16|3|5|74849
5|33|1650|27|6|7|32968
6|33|5741|27|6|7|100360
5|25|564|19|6|6|13957
6|25|1833|19|6|6|40560
7|25|11662|19|6|6|298716
5|2|0|2|0|2|5
6|2|0|2|0|2|5
7|2|0|2|0|2|5
8|2|0|2|0|2|5
9|2|0|2|0|2|5
5|35|2033|27|8|7|41409
6|35|5740|27|8|7|91695
5|34|1676|24|10|7|34110
6|34|5376|24|10|7|87311
5|20|342|14|6|6|8374
6|20|774|14|6|6|17645
7|20|3698|14|6|6|94117
5|18|214|15|3|5|6651
6|18|752|15|3|5|20888
7|18|3117|15|3|5|100280
8|18|8874|15|3|5|261185
5|19|186|11|8|5|5319
6|19|499|11|8|5|14244
7|19|1566|11|8|5|49287
5|2|0|1|1|2|3
6|2|0|1|1|2|3
7|2|0|1|1|2|3
8|2|0|1|1|2|3
9|2|0|1|1|2|3
5|32|1767|24|8|7|34960
6|32|6454|24|8|7|113037
5|30|1270|25|5|7|25699
6|30|3873|25|5|7|65519
5|17|103|11|6|5|2961
6|17|239|11|6|5|6651
7|17|812|11|6|5|24096
8|17|1592|11|6|5|49767
5|3|0|2|1|3|8
6|3|0|2|1|3|8
7|3|0|2|1|3|8
8|3|0|2|1|3|8
9|3|0|2|1|3|8
5|47|5142|30|17|8|85400
5|47|5443|35|12|8|89217
5|23|365|15|8|5|10737
6|23|1442|15|8|5|39857
7|23|5686|15|8|5|169121
5|26|1052|22|4|6|26994
6|26|4432|22|4|6|95866
5|16|138|11|5|5|3860
6|16|376|11|5|5|10603
7|16|1278|11|5|5|37070
8|16|2508|11|5|5|78800
5|18|212|15|3|6|5361
6|18|620|15|3|6|14587
7|18|2797|15|3|6|71627
8|18|7433|15|3|6|184926
5|17|176|11|6|5|4946
6|17|389|11|6|5|10956
7|17|1335|11|6|5|40917
8|17|3103|11|6|5|96643
5|48|7208|32|16|8|117552
5|3|0|3|0|2|18
6|3|0|3|0|2|18
7|3|1|3|0|2|18
8|3|0|3|0|2|18
9|3|1|3|0|2|18
5|35|2085|29|6|7|43580
6|35|6698|29|6|7|108056
5|45|5132|37|8|8|87469
5|41|3655|30|11|8|59571
5|23|302|15|8|5|9171
6|23|1296|15|8|5|36208
7|23|3697|15|8|5|117889
5|41|4223|27|14|8|70246
5|14|96|10|4|5|2633
6|14|217|10|4|5|6254
7|14|584|10|4|5|18759
8|14|1163|10|4|5|37865
5|23|650|20|3|6|15835
6|23|2143|20|3|6|47611
7|23|12774|20|3|6|308529
5|21|389|15|6|5|11531
6|21|845|15|6|5|23027
7|21|3879|15|6|5|121703
5|13|52|8|5|5|1612
6|13|120|8|5|5|3335
7|13|227|8|5|5|7000
8|13|341|8|5|5|10931
5|55|10722|42|13|9|148729
5|5|0|3|2|4|20
6|5|0|3|2|4|20
7|5|1|3|2|4|20
8|5|0|3|2|4|20
9|5|1|3|2|4|20
5|36|2341|24|12|7|45457
5|38|2207|29|9|7|45429
5|7|6|5|2|4|246
6|7|7|5|2|4|246
7|7|7|5|2|4|246
8|7|7|5|2|4|246
9|7|7|5|2|4|246
5|43|4469|36|7|8|73572
5|5|3|5|0|3|172
6|5|5|5|0|3|172
7|5|4|5|0|3|172
8|5|4|5|0|3|172
9|5|4|5|0|3|172
5|8|11|7|1|4|388
6|8|15|7|1|4|641
7|8|31|7|1|4|1285
8|8|47|7|1|4|1285
9|8|34|7|1|4|1285
5|6|6|4|2|3|79
6|6|4|4|2|3|79
7|6|4|4|2|3|79
8|6|3|4|2|3|79
9|6|2|4|2|3|79
5|53|10049|38|15|9|137411
5|2|1|2|0|2|5
6|2|0|2|0|2|5
7|2|0|2|0|2|5
8|2|0|2|0|2|5
9|2|0|2|0|2|5
5|13|38|9|4|4|1174
6|13|65|9|4|4|2323
7|13|170|9|4|4|5782
8|13|274|9|4|4|9893
5|37|3004|25|12|8|49395
5|45|4871|32|13|8|80779
5|2|0|2|0|2|5
6|2|0|2|0|2|5
7|2|0|2|0|2|5
8|2|0|2|0|2|5
9|2|0|2|0|2|5
5|23|528|18|5|6|12937
6|23|1839|18|5|6|39909
7|23|10037|18|5|6|247902
5|8|6|6|2|3|319
6|8|21|6|2|3|591
7|8|23|6|2|3|591
8|8|13|6|2|3|591
9|8|13|6|2|3|591
5|13|71|9|4|4|2327
6|13|139|9|4|4|4555
7|13|309|9|4|4|11923
8|13|573|9|4|4|22587
5|5|3|5|0|3|179
6|5|6|5|0|3|179
7|5|4|5|0|3|179
8|5|4|5|0|3|179
9|5|4|5|0|3|179
5|16|179|12|4|6|4087
6|16|467|12|4|6|11328
7|16|1480|12|4|6|37098
8|16|3809|12|4|6|97634
5|43|4418|31|12|8|71220
5|49|6780|37|12|8|112836
5|10|31|8|2|4|1216
6|10|98|8|2|4|3566
7|10|171|8|2|4|6487
8|10|264|8|2|4|10538
9|10|267|8|2|4|10538
5|34|1631|24|10|7|33382
6|34|6105|24|10|7|107940
5|20|311|17|3|5|9397
6|20|1121|17|3|5|31836
7|20|4146|17|3|5|127830
5|12|59|11|1|4|1914
6|12|157|11|1|4|5454
7|12|364|11|1|4|14288
8|12|858|11|1|4|33440
9|12|1900|11|1|4|78353
5|23|284|18|5|5|8733
6|23|871|18|5|5|23601
7|23|4191|18|5|5|132848
5|10|40|10|0|4|1616
6|10|113|10|0|4|3824
7|10|389|10|0|4|15244
8|10|614|10|0|4|24033
9|10|1804|10|0|4|71974
5|41|4013|31|10|8|65078
5|48|5467|31|17|8|90466
5|34|2040|22|12|7|40449
6|34|8207|22|12|7|150080
5|4|0|2|2|2|9
6|4|0|2|2|2|9
7|4|0|2|2|2|9
8|4|0|2|2|2|9
9|4|0|2|2|2|9
5|2|0|1|1|2|3
6|2|0|1|1|2|3
7|2|0|1|1|2|3
8|2|0|1|1|2|3
9|2|0|1|1|2|3
5|51|8869|39|12|9|122588
5|46|5163|31|15|8|81231
5|1|0|1|0|2|2
6|1|0|1|0|2|2
7|1|0|1|0|2|2
8|1|0|1|0|2|2
9|1|0|1|0|2|2
5|17|317|12|5|5|9145
6|17|1002|12|5|5|29843
7|17|2047|12|5|5|63554
8|17|6518|12|5|5|203470
5|32|1916|26|6|8|31988
6|32|6778|26|6|8|100147
5|4|0|3|1|3|22
6|4|2|3|1|3|22
7|4|0|3|1|3|22
8|4|1|3|1|3|22
9|4|1|3|1|3|22
5|30|1409|23|7|7|28209
6|30|4931|23|7|7|88102
5|3|0|3|0|2|14
6|3|0|3|0|2|14
7|3|0|3|0|2|14
8|3|0|3|0|2|14
9|3|0|3|0|2|14
5|50|6311|36|14|8|106431
5|22|341|16|6|6|8715
6|22|958|16|6|6|22101
7|22|4792|16|6|6|125018
5|18|125|11|7|5|3729
6|18|303|11|7|5|8234
7|18|978|11|7|5|30779
8|18|2075|11|7|5|60188
5|41|3712|30|11|8|63235
5|16|243|13|3|5|7148
6|16|492|13|3|5|12758
7|16|2320|13|3|5|71096
8|16|4991|13|3|5|138408
5|10|53|9|1|4|1970
6|10|182|9|1|4|6815
7|10|381|9|1|4|14939
8|10|912|9|1|4|36862
9|10|1346|9|1|4|57197
5|9|12|6|3|5|410
6|9|23|6|3|5|767
7|9|24|6|3|5|767
8|9|28|6|3|5|767
9|9|27|6|3|5|767
5|8|16|7|1|4|647
6|8|28|7|1|4|1112
7|8|52|7|1|4|1832
8|8|46|7|1|4|1832
9|8|59|7|1|4|1832
5|21|488|15|6|6|11191
6|21|2339|15|6|6|55734
7|21|8064|15|6|6|192682
5|32|1680|25|7|7|34154
6|32|5353|25|7|7|88385
5|17|213|14|3|5|5933
6|17|716|14|3|5|20817
7|17|2640|14|3|5|80455
8|17|8653|14|3|5|261409
5|32|1537|25|7|7|31209
6|32|6694|25|7|7|120604
5|47|4637|33|14|8|78187
5|4|1|4|0|3|57
6|4|1|4|0|3|57
7|4|1|4|0|3|57
8|4|1|4|0|3|57
9|4|1|4|0|3|57
5|42|4336|37|5|8|73667
5|55|11050|40|15|9|154443
5|20|190|12|8|5|5649
6|20|451|12|8|5|11860
7|20|1890|12|8|5|57118
5|1|0|1|0|2|2
6|1|0|1|0|2|2
7|1|0|1|0|2|2
8|1|0|1|0|2|2
9|1|0|1|0|2|2
5|34|2121|28|6|7|43595
6|34|7661|28|6|7|124784
5|1|0|1|0|3|2
6|1|0|1|0|3|2
7|1|0|1|0|3|2
8|1|0|1|0|3|2
9|1|0|1|0|3|2
5|21|185|13|8|5|5516
6|21|526|13|8|5|14171
7|21|2057|13|8|5|64767
5|4|0|2|2|2|9
6|4|0|2|2|2|9
7|4|0|2|2|2|9
8|4|0|2|2|2|9
9|4|0|2|2|2|9
5|35|2295|27|8|7|45431
6|35|9691|27|8|7|163686
5|23|1012|21|2|6|24412
6|23|2278|21|2|6|49346
7|23|11994|21|2|6|291456
5|2|1|2|0|2|5
6|2|0|2|0|2|5
7|2|0|2|0|2|5
8|2|0|2|0|2|5
9|2|0|2|0|2|5
5|2|0|2|0|2|5
6|2|0|2|0|2|5
7|2|0|2|0|2|5
8|2|0|2|0|2|5
9|2|0|2|0|2|5
5|27|769|21|6|6|19147
6|27|2792|21|6|6|60296
5|7|5|5|2|4|196
6|7|6|5|2|4|196
7|7|5|5|2|4|196
8|7|5|5|2|4|196
9|7|5|5|2|4|196
5|52|10689|39|13|9|150499
5|23|454|18|5|6|11145
6|23|1343|18|5|6|28562
7|23|7892|18|5|6|199144
5|9|17|6|3|4|675
6|9|26|6|3|4|1029
7|9|27|6|3|4|1029
8|9|36|6|3|4|1029
9|9|27|6|3|4|1029
5|42|4020|29|13|8|65899
5|5|2|4|1|3|63
6|5|2|4|1|3|63
7|5|1|4|1|3|63
8|5|2|4|1|3|63
9|5|2|4|1|3|63
5|8|4|5|3|4|167
6|8|4|5|3|4|167
7|8|4|5|3|4|167
8|8|5|5|3|4|167
9|8|5|5|3|4|167
5|46|7965|31|15|8|132592
5|7|12|6|1|4|442
6|7|15|6|1|4|566
7|7|27|6|1|4|566
8|7|17|6|1|4|566
9|7|16|6|1|4|566
5|7|6|5|2|4|136
6|7|7|5|2|4|136
7|7|4|5|2|4|136
8|7|4|5|2|4|136
9|7|4|5|2|4|136
5|3|0|3|0|2|14
6|3|0|3|0|2|14
7|3|0|3|0|2|14
8|3|0|3|0|2|14
9|3|0|3|0|2|14
5|27|915|21|6|7|18754
6|27|2726|21|6|7|48565
5|8|28|8|0|4|1112
6|8|81|8|0|4|2943
7|8|131|8|0|4|5010
8|8|228|8|0|4|9334
9|8|236|8|0|4|9334
5|7|13|7|0|3|620
6|7|17|7|0|3|798
7|7|32|7|0|3|1602
8|7|48|7|0|3|1602
9|7|34|7|0|3|1602
5|19|244|15|4|6|6007
6|19|592|15|4|6|13380
7|19|2830|15|4|6|72086
5|18|226|14|4|5|6601
6|18|640|14|4|5|17432
7|18|2730|14|4|5|85312
8|18|5857|14|4|5|165013
5|17|117|11|6|5|3499
6|17|271|11|6|5|7545
7|17|1029|11|6|5|33089
8|17|2264|11|6|5|70871
5|45|4691|33|12|8|78633
5|35|1877|26|9|7|36770
6|35|8740|26|9|7|161587
5|19|224|15|4|5|6928
6|19|808|15|4|5|21675
7|19|3100|15|4|5|94915
5|4|1|4|0|2|52
6|4|1|4|0|2|52
7|4|1|4|0|2|52
8|4|1|4|0|2|52
9|4|1|4|0|2|52
5|45|7307|31|14|8|113956
5|36|2684|29|7|8|45105
5|3|5|3|0|2|14
6|3|0|3|0|2|14
7|3|0|3|0|2|14
8|3|0|3|0|2|14
9|3|0|3|0|2|14
5|37|2994|28|9|8|49814
5|5|3|5|0|3|135
6|5|3|5|0|3|135
7|5|3|5|0|3|135
8|5|3|5|0|3|135
9|5|3|5|0|3|135
5|12|39|9|3|5|1211
6|12|88|9|3|5|2344
7|12|209|9|3|5|6444
8|12|380|9|3|5|11464
9|12|633|9|3|5|20802
5|23|427|15|8|6|10477
6|23|1623|15|8|6|38140
7|23|6187|15|8|6|153711
5|3|0|3|0|2|18
6|3|0|3|0|2|18
7|3|1|3|0|2|18
8|3|0|3|0|2|18
9|3|0|3|0|2|18
5|3|0|3|0|2|16
6|3|0|3|0|2|16
7|3|0|3|0|2|16
8|3|0|3|0|2|16
9|3|0|3|0|2|16
5|12|49|9|3|4|1568
6|12|76|9|3|4|2863
7|12|217|9|3|4|8379
8|12|314|9|3|4|12513
9|12|575|9|3|4|24526
5|55|11756|37|18|9|165544
5|35|3547|32|3|8|58606
6|35|14387|32|3|8|213027
5|28|1004|22|6|7|19261
6|28|2779|22|6|7|48837
5|3|0|3|0|2|14
6|3|0|3|0|2|14
7|3|0|3|0|2|14
8|3|0|3|0|2|14
9|3|0|3|0|2|14
5|4|0|2|2|2|9
6|4|0|2|2|2|9
7|4|0|2|2|2|9
8|4|0|2|2|2|9
9|4|0|2|2|2|9
5|11|54|9|2|4|1816
6|11|86|9|2|4|2988
7|11|302|9|2|4|11511
8|11|428|9|2|4|16594
9|11|717|9|2|4|29279
5|36|1800|30|6|7|36900
5|47|5571|32|15|8|91965
5|18|182|14|4|5|5410
6|18|530|14|4|5|15410
7|18|2113|14|4|5|66389
8|18|5150|14|4|5|156183
5|3|0|3|0|3|16
6|3|0|3|0|3|16
7|3|0|3|0|3|16
8|3|0|3|0|3|16
9|3|0|3|0|3|16
5|27|787|19|8|7|16011
6|27|2358|19|8|7|41556
5|6|1|4|2|3|45
6|6|1|4|2|3|45
7|6|1|4|2|3|45
8|6|1|4|2|3|45
9|6|2|4|2|3|45
5|18|161|12|6|5|4627
6|18|593|12|6|5|16974
7|18|1619|12|6|5|51007
8|18|5387|12|6|5|168709
5|20|362|17|3|5|10560
6|20|1426|17|3|5|41507
7|20|6104|17|3|5|180939
5|35|1897|26|9|7|38409
6|35|6386|26|9|7|101762
5|1|0|1|0|2|2
6|1|0|1|0|2|2
7|1|0|1|0|2|2
8|1|0|1|0|2|2
9|1|0|1|0|2|2
5|33|2124|25|8|7|41478
6|33|8875|25|8|7|159509
5|31|1329|25|6|7|26987
6|31|5708|25|6|7|106750
5|43|4951|35|8|8|81965
5|21|386|15|6|6|9171
6|21|1268|15|6|6|28756
7|21|5417|15|6|6|132174
5|20|253|16|4|5|7673
6|20|807|16|4|5|22258
7|20|3105|16|4|5|95205
5|28|736|20|8|6|17780
6|28|2987|20|8|6|67204
5|10|50|10|0|4|2014
6|10|134|10|0|4|4639
7|10|322|10|0|4|12080
8|10|804|10|0|4|32153
9|10|1476|10|0|4|62201
5|16|158|14|2|5|4740
6|16|487|14|2|5|13701
7|16|2573|14|2|5|79271
8|16|5240|14|2|5|155597
5|27|550|19|8|6|13482
6|27|1804|19|8|6|41321
5|17|180|12|5|5|5077
6|17|418|12|5|5|12105
7|17|1520|12|5|5|46733
8|17|3707|12|5|5|110994
5|5|2|4|1|3|51
6|5|2|4|1|3|51
7|5|2|4|1|3|51
8|5|3|4|1|3|51
9|5|2|4|1|3|51
5|10|20|8|2|4|798
6|10|60|8|2|4|1447
7|10|89|8|2|4|3022
8|10|148|8|2|4|5525
9|10|151|8|2|4|5525
5|45|5942|34|11|8|100741
5|9|19|7|2|4|722
6|9|41|7|2|4|1597
7|9|72|7|2|4|2373
8|9|72|7|2|4|2373
9|9|62|7|2|4|2373
5|5|1|4|1|3|49
6|5|1|4|1|3|49
7|5|1|4|1|3|49
8|5|1|4|1|3|49
9|5|1|4|1|3|49
5|4|0|4|0|2|43
6|4|1|4|0|2|43
7|4|1|4|0|2|43
8|4|1|4|0|2|43
9|4|1|4|0|2|43
5|53|9809|42|11|8|166163
5|47|6773|37|10|9|95078
5|13|34|10|3|4|1329
6|13|85|10|3|4|3010
7|13|216|10|3|4|8480
8|13|426|10|3|4|16054
5|22|397|17|5|6|9400
6|22|1520|17|5|6|34237
7|22|5340|17|5|6|133372
5|3|0|3|0|2|14
6|3|0|3|0|2|14
7|3|0|3|0|2|14
8|3|1|3|0|2|14
9|3|1|3|0|2|14
5|5|3|5|0|3|149
6|5|4|5|0|3|149
7|5|4|5|0|3|149
8|5|3|5|0|3|149
9|5|3|5|0|3|149
5|18|209|14|4|5|6033
6|18|690|14|4|5|18637
7|18|2356|14|4|5|72210
8|18|6106|14|4|5|175170
5|2|0|2|0|2|5
6|2|0|2|0|2|5
7|2|0|2|0|2|5
8|2|0|2|0|2|5
9|2|0|2|0|2|5
5|6|10|6|0|3|478
6|6|13|6|0|3|589
7|6|18|6|0|3|589
8|6|20|6|0|3|589
9|6|13|6|0|3|589
5|16|132|12|4|6|3247
6|16|275|12|4|6|6892
7|16|1002|12|4|6|26619
8|16|1995|12|4|6|53138
5|22|463|20|2|6|11306
6|22|1276|20|2|6|28264
7|22|7054|20|2|6|174366
5|25|653|16|9|6|15455
6|25|2313|16|9|6|52077
7|25|10889|16|9|6|263690
5|21|377|15|6|5|11612
6|21|1076|15|6|5|29598
7|21|5951|15|6|5|189849
5|4|0|3|1|3|20
6|4|0|3|1|3|20
7|4|1|3|1|3|20
8|4|1|3|1|3|20
9|4|1|3|1|3|20
5|4|0|3|1|3|21
6|4|0|3|1|3|21
7|4|0|3|1|3|21
8|4|0|3|1|3|21
9|4|0|3|1|3|21
5|47|5534|31|16|8|90159
5|31|1706|24|7|7|34014
6|31|6629|24|7|7|121043
5|23|473|18|5|6|11312
6|23|1886|18|5|6|40432
7|23|8716|18|5|6|215944
5|3|0|3|0|2|14
6|3|1|3|0|2|14
7|3|0|3|0|2|14
8|3|0|3|0|2|14
9|3|0|3|0|2|14
5|46|5716|38|8|8|97994
5|16|139|10|6|6|3368
6|16|318|10|6|6|7736
7|16|995|10|6|6|26127
8|16|1868|10|6|6|50916
5|10|12|6|4|4|455
6|10|16|6|4|4|687
7|10|18|6|4|4|687
8|10|18|6|4|4|687
9|10|29|6|4|4|687
5|32|2605|26|6|7|51465
6|32|8131|26|6|7|140967
5|33|1825|27|6|7|37701
6|33|9461|27|6|7|173063
5|31|1424|26|5|7|28608
6|31|5119|26|5|7|91345
5|11|23|8|3|4|924
6|11|47|8|3|4|1763
7|11|105|8|3|4|3687
8|11|156|8|3|4|5674
9|11|149|8|3|4|5674
5|32|1824|23|9|7|35679
6|32|6393|23|9|7|113652
5|6|5|5|1|3|235
6|6|5|5|1|3|235
7|6|5|5|1|3|235
8|6|5|5|1|3|235
9|6|5|5|1|3|235
5|4|0|2|2|2|9
6|4|0|2|2|2|9
7|4|0|2|2|2|9
8|4|0|2|2|2|9
9|4|0|2|2|2|9
5|30|1072|22|8|7|21605
6|30|4345|22|8|7|79311
5|13|39|10|3|4|1512
6|13|85|10|3|4|2805
7|13|195|10|3|4|7718
8|13|328|10|3|4|13008
5|53|8974|38|15|8|152786
5|3|0|3|0|2|16
6|3|0|3|0|2|16
7|3|0|3|0|2|16
8|3|0|3|0|2|16
9|3|0|3|0|2|16
5|37|2370|29|8|7|47270
5|7|6|6|1|3|287
6|7|10|6|1|3|522
7|7|11|6|1|3|522
8|7|10|6|1|3|522
9|7|11|6|1|3|522
5|5|3|5|0|3|155
6|5|4|5|0|3|155
7|5|3|5|0|3|155
8|5|4|5|0|3|155
9|5|4|5|0|3|155
5|43|5194|31|12|8|82367
5|24|618|18|6|6|15080
6|24|2540|18|6|6|56546
7|24|12743|18|6|6|312006
5|4|0|3|1|3|16
6|4|1|3|1|3|16
7|4|0|3|1|3|16
8|4|0|3|1|3|16
9|4|0|3|1|3|16
5|3|0|3|0|2|14
6|3|0|3|0|2|14
7|3|0|3|0|2|14
8|3|0|3|0|2|14
9|3|0|3|0|2|14
5|48|6548|38|10|8|107869
5|22|497|18|4|6|11855
6|22|1693|18|4|6|38136
7|22|10476|18|4|6|257301
5|39|3990|28|11|8|63590
5|43|4510|30|13|8|75637
5|30|976|22|8|6|23794
6|30|3214|22|8|6|65255
5|22|322|14|8|6|7647
6|22|855|14|8|6|18754
7|22|4209|14|8|6|103939
5|25|874|18|7|6|21377
6|25|2666|18|7|6|59561
7|25|17147|18|7|6|423044
5|53|11183|36|17|9|152177
5|37|2867|27|10|8|47693
5|2|0|1|1|3|3
6|2|0|1|1|3|3
7|2|0|1|1|3|3
8|2|0|1|1|3|3
9|2|0|1|1|3|3
5|10|23|7|3|4|932
6|10|54|7|3|4|1706
7|10|60|7|3|4|2546
8|10|69|7|3|4|2546
9|10|81|7|3|4|2546
5|3|4|2|1|3|8
6|3|1|2|1|3|8
7|3|1|2|1|3|8
8|3|0|2|1|3|8
9|3|1|2|1|3|8
5|25|824|17|8|7|15548
6|25|2303|17|8|7|42477
7|25|13910|17|8|7|280214
5|2|0|2|0|2|6
6|2|0|2|0|2|6
7|2|0|2|0|2|6
8|2|0|2|0|2|6
9|2|0|2|0|2|6
5|51|9937|37|14|9|131287
5|43|5014|31|12|8|81782
5|16|61|10|6|5|1818
6|16|142|10|6|5|4011
7|16|355|10|6|5|11301
8|16|637|10|6|5|20865
5|21|270|17|4|5|8360
6|21|831|17|4|5|22567
7|21|4218|17|4|5|135680
5|2|0|2|0|2|5
6|2|0|2|0|2|5
7|2|0|2|0|2|5
8|2|0|2|0|2|5
9|2|0|2|0|2|5
5|29|1108|21|8|6|26693
6|29|2841|21|8|6|55898
5|9|14|7|2|4|579
6|9|25|7|2|4|998
7|9|42|7|2|4|1617
8|9|53|7|2|4|1617
9|9|40|7|2|4|1617
5|2|0|2|0|2|5
6|2|0|2|0|2|5
7|2|1|2|0|2|5
8|2|0|2|0|2|5
9|2|1|2|0|2|5
5|9|10|6|3|4|407
6|9|17|6|3|4|693
7|9|20|6|3|4|693
8|9|18|6|3|4|693
9|9|24|6|3|4|693
5|27|744|18|9|6|18287
6|27|2352|18|9|6|47491
5|10|31|9|1|4|1065
6|10|63|9|1|4|2215
7|10|158|9|1|4|5936
8|10|256|9|1|4|10322
9|10|418|9|1|4|17494
5|48|7692|30|18|8|119065
5|21|332|15|6|6|7997
6|21|871|15|6|6|19041
7|21|3950|15|6|6|100102
5|3|0|3|0|3|16
6|3|0|3|0|3|16
7|3|1|3|0|3|16
8|3|0|3|0|3|16
9|3|0|3|0|3|16
5|16|101|10|6|5|3017
6|16|284|10|6|5|7707
7|16|824|10|6|5|25541
8|16|1816|10|6|5|56287
5|10|9|5|5|4|389
6|10|12|5|5|4|389
7|10|11|5|5|4|389
8|10|11|5|5|4|389
9|10|14|5|5|4|389
5|37|1880|24|13|7|37839
5|15|93|12|3|4|3531
6|15|253|12|3|4|8901
7|15|833|12|3|4|33415
8|15|1877|12|3|4|70226
5|29|1111|19|10|6|27524
6|29|3558|19|10|6|74775
5|27|675|21|6|6|16674
6|27|2437|21|6|6|50472
5|53|10118|36|17|9|136872
5|2|0|1|1|2|3
6|2|0|1|1|2|3
7|2|0|1|1|2|3
8|2|0|1|1|2|3
9|2|0|1|1|2|3
5|12|48|9|3|4|1720
6|12|75|9|3|4|2910
7|12|240|9|3|4|9380
8|12|431|9|3|4|17613
9|12|400|9|3|4|16915
5|25|868|23|2|6|20341
6|25|2551|23|2|6|53759
7|25|20780|23|2|6|490096
5|55|14774|38|17|10|170458
5|40|3041|31|9|7|61970
5|18|146|12|6|5|3972
6|18|267|12|6|5|7326
7|18|1108|12|6|5|33968
8|18|1784|12|6|5|54991
5|53|10579|42|11|9|149943
5|7|6|6|1|3|329
6|7|10|6|1|3|479
7|7|11|6|1|3|479
8|7|10|6|1|3|479
9|7|11|6|1|3|479
5|41|3923|26|15|8|63123
5|3|0|3|0|2|18
6|3|0|3|0|2|18
7|3|0|3|0|2|18
8|3|0|3|0|2|18
9|3|0|3|0|2|18
5|43|4805|33|10|8|80579
5|30|1271|22|8|7|25911
6|30|3995|22|8|7|68001
5|14|105|12|2|4|3681
6|14|344|12|2|4|12329
7|14|952|12|2|4|37220
8|14|3023|12|2|4|116501
5|34|1654|27|7|7|33418
6|34|5578|27|7|7|92590
5|20|276|15|5|6|6821
6|20|790|15|5|6|18494
7|20|3436|15|5|6|87404
5|13|55|11|2|5|1761
6|13|162|11|2|5|4145
7|13|444|11|2|5|13791
8|13|997|11|2|5|31177
5|6|1|4|2|3|59
6|6|1|4|2|3|59
7|6|1|4|2|3|59
8|6|2|4|2|3|59
9|6|1|4|2|3|59
5|11|42|10|1|4|1639
6|11|108|10|1|4|3189
7|11|249|10|1|4|9464
8|11|622|10|1|4|24210
9|11|1735|10|1|4|72453
5|17|141|14|3|5|4292
6|17|455|14|3|5|12615
7|17|1590|14|3|5|49264
8|17|3541|14|3|5|104241
5|39|3652|32|7|8|61853
5|2|0|1|1|2|3
6|2|0|1|1|2|3
7|2|0|1|1|2|3
8|2|0|1|1|2|3
9|2|0|1|1|2|3
5|29|766|20|9|6|18861
6|29|2331|20|9|6|47535
5|28|825|19|9|6|19330
6|28|3133|19|9|6|66205
5|48|11485|37|11|9|106023
5|5|2|3|2|4|24
6|5|3|3|2|4|24
7|5|4|3|2|4|24
8|5|2|3|2|4|24
9|5|2|3|2|4|24
5|26|1580|18|8|6|16927
6|26|2916|18|8|6|62649
5|53|10525|42|11|9|141796
5|7|7|6|1|4|287
6|7|15|6|1|4|566
7|7|15|6|1|4|566
8|7|14|6|1|4|566
9|7|15|6|1|4|566
5|28|1209|23|5|7|24015
6|28|3968|23|5|7|67077
5|4|0|3|1|3|16
6|4|0|3|1|3|16
7|4|0|3|1|3|16
8|4|0|3|1|3|16
9|4|4|3|1|3|16
5|10|18|7|3|4|658
6|10|33|7|3|4|1261
7|10|63|7|3|4|1995
8|10|53|7|3|4|1995
9|10|60|7|3|4|1995
5|3|0|3|0|2|15
6|3|2|3|0|2|15
7|3|1|3|0|2|15
8|3|3|3|0|2|15
9|3|0|3|0|2|15
5|3|0|3|0|2|14
6|3|0|3|0|2|14
7|3|0|3|0|2|14
8|3|0|3|0|2|14
9|3|0|3|0|2|14
5|26|639|20|6|6|15426
6|26|2210|20|6|6|46785
5|23|444|14|9|6|10189
6|23|1409|14|9|6|31894
7|23|6282|14|9|6|147795
5|8|10|6|2|4|379
6|8|15|6|2|4|631
7|8|19|6|2|4|631
8|8|17|6|2|4|631
9|8|20|6|2|4|631
5|2|0|2|0|3|6
6|2|0|2|0|3|6
7|2|0|2|0|3|6
8|2|0|2|0|3|6
9|2|0|2|0|3|6
5|14|40|8|6|5|1314
6|14|110|8|6|5|2767
7|14|221|8|6|5|6950
8|14|310|8|6|5|10817
5|38|2485|31|7|7|50071
5|5|4|5|0|3|147
6|5|4|5|0|3|147
7|5|4|5|0|3|147
8|5|3|5|0|3|147
9|5|4|5|0|3|147
5|28|791|21|7|6|19799
6|28|3143|21|7|6|67030
5|12|58|9|3|4|1826
6|12|134|9|3|4|4835
7|12|298|9|3|4|11614
8|12|524|9|3|4|21756
9|12|828|9|3|4|35871
5|33|1966|21|12|8|32096
6|33|7794|21|12|8|119271
5|47|6055|28|19|8|98567
5|2|0|2|0|2|6
6|2|0|2|0|2|6
7|2|0|2|0|2|6
8|2|0|2|0|2|6
9|2|0|2|0|2|6
5|13|100|11|2|4|3668
6|13|324|11|2|4|11779
7|13|875|11|2|4|34289
8|13|2065|11|2|4|80567
5|38|2767|26|12|7|52951
5|55|10891|41|14|9|149193
5|22|380|20|2|6|9504
6|22|1230|20|2|6|27281
7|22|8512|20|2|6|158379
5|14|196|10|4|5|2011
6|14|184|10|4|5|5091
7|14|361|10|4|5|11278
8|14|779|10|4|5|25855
5|35|1701|27|8|7|34845
6|35|8085|27|8|7|97252
5|47|11642|35|12|8|115052
5|2|0|2|0|2|5
6|2|0|2|0|2|5
7|2|1|2|0|2|5
8|2|0|2|0|2|5
9|2|1|2|0|2|5
5|8|32|6|2|4|322
6|8|45|6|2|4|646
7|8|40|6|2|4|646
8|8|57|6|2|4|646
9|8|46|6|2|4|646
5|34|2185|27|7|7|41464
6|34|10559|27|7|7|193546
5|52|9002|39|13|9|124459
5|13|47|11|2|4|1915
6|13|123|11|2|4|4240
7|13|378|11|2|4|14922
8|13|759|11|2|4|28876
5|30|1110|18|12|7|22074
6|30|3161|18|12|7|53627
5|4|1|4|0|3|43
6|4|1|4|0|3|43
7|4|1|4|0|3|43
8|4|1|4|0|3|43
9|4|1|4|0|3|43
5|39|2635|30|9|7|53653
5|3|0|3|0|2|14
6|3|1|3|0|2|14
7|3|0|3|0|2|14
8|3|1|3|0|2|14
9|3|1|3|0|2|14
5|3|0|3|0|2|16
6|3|0|3|0|2|16
7|3|0|3|0|2|16
8|3|0|3|0|2|16
9|3|0|3|0|2|16
5|33|1852|29|4|7|37702
6|33|6108|29|4|7|100760
5|45|5264|37|8|8|87667
5|16|220|14|2|5|5920
6|16|449|14|2|5|12097
7|16|2446|14|2|5|73891
8|16|6787|14|2|5|204438
5|10|30|8|2|4|1219
6|10|74|8|2|4|2637
7|10|151|8|2|4|5425
8|10|185|8|2|4|7490
9|10|200|8|2|4|7490
5|6|3|5|1|5|110
6|6|3|5|1|5|110
7|6|4|5|1|5|110
8|6|4|5|1|5|110
9|6|3|5|1|5|110
5|55|11500|40|15|9|157452
5|18|385|14|4|5|4901
6|18|1041|14|4|5|11724
7|18|3108|14|4|5|53259
8|18|4692|14|4|5|125500
5|55|17257|41|14|9|160630
5|4|1|4|0|3|45
6|4|1|4|0|3|45
7|4|3|4|0|3|45
8|4|2|4|0|3|45
9|4|2|4|0|3|45
5|46|5690|31|15|8|90961
5|23|436|15|8|6|10582
6|23|1038|15|8|6|22860
7|23|5039|15|8|6|127059
5|1|0|1|0|2|2
6|1|0|1|0|2|2
7|1|0|1|0|2|2
8|1|0|1|0|2|2
9|1|0|1|0|2|2
5|8|6|6|2|4|240
6|8|9|6|2|4|356
7|8|10|6|2|4|356
8|8|10|6|2|4|356
9|8|9|6|2|4|356
5|32|1379|21|11|7|27379
6|32|3905|21|11|7|66720
5|16|133|12|4|5|3703
6|16|273|12|4|5|7516
7|16|961|12|4|5|30453
8|16|2217|12|4|5|66546
5|42|3899|29|13|8|66319
5|3|0|3|0|3|12
6|3|0|3|0|3|12
7|3|0|3|0|3|12
8|3|0|3|0|3|12
9|3|0|3|0|3|12
5|2|0|2|0|2|6
6|2|0|2|0|2|6
7|2|0|2|0|2|6
8|2|0|2|0|2|6
9|2|0|2|0|2|6
5|14|113|11|3|5|3448
6|14|302|11|3|5|8967
7|14|930|11|3|5|30396
8|14|2179|11|3|5|68077
5|36|2771|31|5|8|45760
5|29|1159|21|8|7|23138
6|29|3455|21|8|7|58346
5|2|0|2|0|2|5
6|2|0|2|0|2|5
7|2|0|2|0|2|5
8|2|0|2|0|2|5
9|2|0|2|0|2|5
5|18|275|15|3|5|8426
6|18|1374|15|3|5|39396
7|18|6469|15|3|5|200442
8|18|18730|15|3|5|555679
5|54|11331|37|17|9|154687
5|53|8280|41|12|8|142650
5|2|0|2|0|2|6
6|2|0|2|0|2|6
7|2|0|2|0|2|6
8|2|0|2|0|2|6
9|2|0|2|0|2|6
5|24|454|18|6|6|11148
6|24|1352|18|6|6|29288
7|24|7348|18|6|6|183063
5|13|103|11|2|5|3110
6|13|344|11|2|5|10491
7|13|771|11|2|5|24271
8|13|2021|11|2|5|65185
5|4|1|4|0|3|40
6|4|1|4|0|3|40
7|4|1|4|0|3|40
8|4|1|4|0|3|40
9|4|1|4|0|3|40
5|33|2197|25|8|7|41483
6|33|10345|25|8|7|131215
5|15|165|12|3|5|4735
6|15|401|12|3|5|11774
7|15|1489|12|3|5|42119
8|15|3169|12|3|5|98977
5|14|153|12|2|5|4331
6|14|454|12|2|5|13297
7|14|1664|12|2|5|51934
8|14|5237|12|2|5|165297
5|54|10778|47|7|9|153055
5|6|9|6|0|3|439
6|6|16|6|0|3|760
7|6|21|6|0|3|760
8|6|19|6|0|3|760
9|6|19|6|0|3|760
5|28|784|24|4|6|19393
6|28|2587|24|4|6|51137
5|19|218|18|1|5|6626
6|19|634|18|1|5|16669
7|19|3030|18|1|5|95386
5|11|26|7|4|4|1002
6|11|51|7|4|4|1951
7|11|74|7|4|4|2692
8|11|74|7|4|4|2692
9|11|68|7|4|4|2692
5|12|23|6|6|4|561
6|12|23|6|6|4|880
7|12|23|6|6|4|880
8|12|23|6|6|4|880
9|12|24|6|6|4|880
5|43|4322|32|11|8|72206
5|32|1540|24|8|7|30896
6|32|6451|24|8|7|77763
5|12|114|9|3|4|1646
6|12|212|9|3|4|3172
7|12|391|9|3|4|9571
8|12|428|9|3|4|17300
9|12|559|9|3|4|23290
5|25|601|18|7|6|14248
6|25|2001|18|7|6|43400
7|25|13078|18|7|6|245984
5|45|6831|30|15|8|83031
5|54|15161|44|10|9|155419
5|14|287|11|3|5|3407
6|14|661|11|3|5|8096
7|14|1159|11|3|5|35188
8|14|2390|11|3|5|73731
5|30|1961|19|11|7|21264
6|30|4561|19|11|7|53963
5|33|1472|23|10|7|29727
6|33|4833|23|10|7|76516
5|13|52|11|2|4|2049
6|13|171|11|2|4|5753
7|13|437|11|2|4|16499
8|13|1033|11|2|4|39771
5|55|10994|43|12|9|152277
5|4|0|2|2|2|9
6|4|0|2|2|2|9
7|4|0|2|2|2|9
8|4|0|2|2|2|9
9|4|0|2|2|2|9
5|34|2268|25|9|7|44388
6|34|13133|25|9|7|165186
5|42|4231|34|8|8|69791
5|13|51|8|5|4|2008
6|13|113|8|5|4|3699
7|13|267|8|5|4|10537
8|13|342|8|5|4|14521
5|7|13|6|1|3|342
6|7|17|6|1|3|607
7|7|14|6|1|3|607
8|7|13|6|1|3|607
9|7|14|6|1|3|607
5|14|76|10|4|5|2166
6|14|163|10|4|5|4783
7|14|449|10|4|5|14415
8|14|936|10|4|5|25727
5|14|164|9|5|4|2241
6|14|345|9|5|4|4345
7|14|801|9|5|4|11246
8|14|1481|9|5|4|21209
5|5|5|4|1|3|48
6|5|5|4|1|3|48
7|5|8|4|1|3|48
8|5|3|4|1|3|48
9|5|3|4|1|3|48
5|17|452|15|2|5|5767
6|17|1266|15|2|5|14143
7|17|3624|15|2|5|73612
8|17|8674|15|2|5|175623
5|11|117|11|0|5|3630
6|11|292|11|0|5|9395
7|11|911|11|0|5|30622
8|11|2269|11|0|5|77978
9|11|4527|11|0|5|158712
5|23|648|20|3|6|15719
6|23|3280|20|3|6|76340
7|23|14075|20|3|6|341905
5|3|0|3|0|2|16
6|3|0|3|0|2|16
7|3|0|3|0|2|16
8|3|0|3|0|2|16
9|3|0|3|0|2|16
5|28|1227|22|6|7|24636
6|28|3269|22|6|7|54860
5|10|26|8|2|4|697
6|10|39|8|2|4|1459
7|10|84|8|2|4|3020
8|10|123|8|2|4|4673
9|10|128|8|2|4|4673
5|28|1043|19|9|6|25960
6|28|7253|19|9|6|105870
5|28|1350|25|3|7|22808
6|28|6161|25|3|7|78314
5|7|4|5|2|3|174
6|7|4|5|2|3|174
7|7|4|5|2|3|174
8|7|4|5|2|3|174
9|7|4|5|2|3|174
5|7|4|5|2|3|185
6|7|4|5|2|3|185
7|7|4|5|2|3|185
8|7|4|5|2|3|185
9|7|5|5|2|3|185
5|22|324|16|6|5|9809
6|22|1305|16|6|5|31504
7|22|6541|16|6|5|132556
5|9|30|7|2|4|750
6|9|40|7|2|4|1567
7|9|79|7|2|4|2952
8|9|81|7|2|4|2952
9|9|84|7|2|4|2952
5|21|453|18|3|6|10938
6|21|1627|18|3|6|38429
7|21|6632|18|3|6|162271
5|17|133|11|6|5|3702
6|17|284|11|6|5|7940
7|17|947|11|6|5|29779
8|17|1847|11|6|5|57540
5|11|39|8|3|4|1084
6|11|59|8|3|4|2185
7|11|135|8|3|4|4736
8|11|194|8|3|4|7458
9|11|206|8|3|4|7458
5|5|1|4|1|4|51
6|5|1|4|1|4|51
7|5|1|4|1|4|51
8|5|2|4|1|4|51
9|5|1|4|1|4|51
5|36|2976|27|9|8|47537
5|5|4|5|0|3|195
6|5|5|5|0|3|195
7|5|5|5|0|3|195
8|5|5|5|0|3|195
9|5|6|5|0|3|195
5|1|0|1|0|2|2
6|1|0|1|0|2|2
7|1|0|1|0|2|2
8|1|0|1|0|2|2
9|1|0|1|0|2|2
5|32|1403|21|11|7|28093
6|32|3509|21|11|7|59396
5|4|0|3|1|3|20
6|4|0|3|1|3|20
7|4|1|3|1|3|20
8|4|1|3|1|3|20
9|4|1|3|1|3|20
5|37|2055|26|11|7|41673
5|51|7008|36|15|8|117405
5|50|9745|42|8|9|136809
5|4|0|2|2|2|9
6|4|0|2|2|2|9
7|4|0|2|2|2|9
8|4|0|2|2|2|9
9|4|0|2|2|2|9
5|20|444|14|6|6|10769
6|20|1626|14|6|6|38629
7|20|4504|14|6|6|112196
5|6|4|5|1|3|232
6|6|5|5|1|3|232
7|6|5|5|1|3|232
8|6|10|5|1|3|232
9|6|8|5|1|3|232
5|4|0|2|2|3|10
6|4|1|2|2|3|10
7|4|0|2|2|3|10
8|4|0|2|2|3|10
9|4|0|2|2|3|10
5|3|0|3|0|3|16
6|3|0|3|0|3|16
7|3|0|3|0|3|16
8|3|0|3|0|3|16
9|3|0|3|0|3|16
5|8|12|7|1|4|444
6|8|19|7|1|4|754
7|8|32|7|1|4|1313
8|8|33|7|1|4|1313
9|8|46|7|1|4|1313
5|42|4761|28|14|8|76029
5|41|7164|36|5|8|72313
5|2|2|2|0|2|6
6|2|0|2|0|2|6
7|2|1|2|0|2|6
8|2|0|2|0|2|6
9|2|0|2|0|2|6
5|30|1214|22|8|7|24688
6|30|8599|22|8|7|99717
5|2|0|1|1|2|3
6|2|0|1|1|2|3
7|2|0|1|1|2|3
8|2|0|1|1|2|3
9|2|0|1|1|2|3
5|7|1|4|3|4|57
6|7|2|4|3|4|57
7|7|2|4|3|4|57
8|7|2|4|3|4|57
9|7|2|4|3|4|57
5|5|3|5|0|3|181
6|5|4|5|0|3|181
7|5|5|5|0|3|181
8|5|4|5|0|3|181
9|5|4|5|0|3|181
5|4|0|2|2|3|10
6|4|1|2|2|3|10
7|4|0|2|2|3|10
8|4|0|2|2|3|10
9|4|0|2|2|3|10
5|31|1193|23|8|7|24276
6|31|3661|23|8|7|61879
5|17|189|15|2|5|5656
6|17|450|15|2|5|11998
7|17|2397|15|2|5|73906
8|17|4577|15|2|5|130684
5|40|3760|27|13|8|61607
5|16|246|16|0|5|7528
6|16|766|16|0|5|21379
7|16|7407|16|0|5|142441
8|16|15720|16|0|5|392359
5|6|6|5|1|3|291
6|6|8|5|1|3|291
7|6|7|5|1|3|291
8|6|7|5|1|3|291
9|6|7|5|1|3|291
5|35|1880|28|7|7|37326
6|35|6122|28|7|7|100460
5|3|0|3|0|2|14
6|3|0|3|0|2|14
7|3|0|3|0|2|14
8|3|0|3|0|2|14
9|3|0|3|0|2|14
5|22|382|16|6|5|11383
6|22|1005|16|6|5|26552
7|22|5162|16|6|5|152609
5|17|539|13|4|5|6468
6|17|1936|13|4|5|24930
7|17|3568|13|4|5|84095
8|17|8568|13|4|5|270099
5|36|3986|29|7|8|67583
5|16|167|13|3|5|5199
6|16|352|13|3|5|9698
7|16|1967|13|3|5|63300
8|16|4308|13|3|5|133383
5|11|67|10|1|4|2687
6|11|171|10|1|4|6130
7|11|413|10|1|4|16291
8|11|807|10|1|4|32457
9|11|1536|10|1|4|64885
5|19|242|17|2|5|7689
6|19|705|17|2|5|19548
7|19|3325|17|2|5|108246
5|3|0|3|0|2|14
6|3|0|3|0|2|14
7|3|0|3|0|2|14
8|3|0|3|0|2|14
9|3|0|3|0|2|14
5|28|748|20|8|6|17275
6|28|2396|20|8|6|47059
5|16|105|11|5|5|3118
6|16|286|11|5|5|8390
7|16|710|11|5|5|22468
8|16|1580|11|5|5|51575
5|28|1564|23|5|6|18877
6|28|4041|23|5|6|51075
5|54|9861|36|18|8|164513
5|33|1865|24|9|7|37401
6|33|6545|24|9|7|113830
5|3|0|3|0|2|15
6|3|0|3|0|2|15
7|3|0|3|0|2|15
8|3|0|3|0|2|15
9|3|0|3|0|2|15
5|2|0|1|1|2|3
6|2|0|1|1|2|3
7|2|0|1|1|2|3
8|2|0|1|1|2|3
9|2|0|1|1|2|3
5|52|11445|34|18|9|137937
5|40|5178|28|12|8|63846
5|22|280|17|5|5|8255
6|22|829|17|5|5|21796
7|22|3771|17|5|5|114163
5|52|16436|39|13|9|147519
5|18|180|15|3|5|5355
6|18|617|15|3|5|17708
7|18|1897|15|3|5|59946
8|18|7455|15|3|5|221527
5|52|14362|43|9|9|132280
5|17|285|11|6|5|3413
6|17|662|11|6|5|7966
7|17|2012|11|6|5|26192
8|17|2693|11|6|5|52610
5|4|0|4|0|2|43
6|4|1|4|0|2|43
7|4|1|4|0|2|43
8|4|1|4|0|2|43
9|4|1|4|0|2|43
5|7|14|7|0|3|640
6|7|24|7|0|3|1135
7|7|24|7|0|3|1068
8|7|35|7|0|3|1068
9|7|24|7|0|3|1068
5|4|1|3|1|3|18
6|4|1|3|1|3|18
7|4|1|3|1|3|18
8|4|1|3|1|3|18
9|4|0|3|1|3|18
5|55|17665|42|13|9|172685
5|20|261|16|4|5|7405
6|20|694|16|4|5|16071
7|20|3018|16|4|5|91879
5|18|204|13|5|5|5784
6|18|640|13|5|5|17932
7|18|2216|13|5|5|67183
8|18|7280|13|5|5|214475
5|6|8|6|0|3|407
6|6|13|6|0|3|629
7|6|14|6|0|3|629
8|6|14|6|0|3|629
9|6|14|6|0|3|629
5|10|34|8|2|4|1321
6|10|118|8|2|4|4228
7|10|149|8|2|4|6031
8|10|319|8|2|4|13518
9|10|345|8|2|4|13518
5|34|1688|21|13|7|33783
6|34|7267|21|13|7|128229
5|40|3325|30|10|8|56693
5|20|261|17|3|5|7671
6|20|904|17|3|5|25379
7|20|3720|17|3|5|115849
5|9|17|7|2|4|452
6|9|24|7|2|4|825
7|9|34|7|2|4|1372
8|9|45|7|2|4|1372
9|9|65|7|2|4|1372
5|19|221|13|6|5|6394
6|19|563|13|6|5|16582
7|19|2172|13|6|5|65968
5|8|3|5|3|3|141
6|8|3|5|3|3|141
7|8|3|5|3|3|141
8|8|3|5|3|3|141
9|8|3|5|3|3|141
5|2|0|1|1|2|3
6|2|0|1|1|2|3
7|2|0|1|1|2|3
8|2|0|1|1|2|3
9|2|0|1|1|2|3
5|45|6403|33|12|8|104094
5|37|2399|27|10|7|46845
5|2|0|1|1|2|3
6|2|0|1|1|2|3
7|2|0|1|1|2|3
8|2|0|1|1|2|3
9|2|0|1|1|2|3
5|13|67|11|2|5|2010
6|13|169|11|2|5|4421
7|13|491|11|2|5|15100
8|13|1092|11|2|5|29669
5|1|0|1|0|3|2
6|1|1|1|0|3|2
7|1|1|1|0|3|2
8|1|0|1|0|3|2
9|1|0|1|0|3|2
5|36|3403|26|10|7|44606
5|2|0|2|0|2|5
6|2|0|2|0|2|5
7|2|0|2|0|2|5
8|2|2|2|0|2|5
9|2|0|2|0|2|5
5|37|3842|26|11|7|50500
5|43|7405|29|14|8|80773
5|6|3|4|2|3|74
6|6|3|4|2|3|74
7|6|3|4|2|3|74
8|6|3|4|2|3|74
9|6|3|4|2|3|74
5|10|40|7|3|4|982
6|10|61|7|3|4|1423
7|10|94|7|3|4|2269
8|10|85|7|3|4|2269
9|10|114|7|3|4|2269
5|6|7|5|1|3|245
6|6|9|5|1|3|245
7|6|9|5|1|3|245
8|6|9|5|1|3|245
9|6|9|5|1|3|245
5|34|2667|20|14|7|34626
6|34|7086|20|14|7|95262
5|10|35|8|2|4|1363
6|10|80|8|2|4|2867
7|10|222|8|2|4|8495
8|10|267|8|2|4|10690
9|10|285|8|2|4|10690
5|3|0|3|0|2|16
6|3|0|3|0|2|16
7|3|0|3|0|2|16
8|3|0|3|0|2|16
9|3|0|3|0|2|16
5|18|173|16|2|5|5143
6|18|487|16|2|5|12811
7|18|2084|16|2|5|64036
8|18|7655|16|2|5|146043
5|44|5264|33|11|9|72485
5|37|2380|32|5|7|49666
5|7|4|5|2|3|204
6|7|5|5|2|3|204
7|7|5|5|2|3|204
8|7|7|5|2|3|204
9|7|7|5|2|3|204
5|24|461|20|4|6|11632
6|24|1334|20|4|6|28529
7|24|10374|20|4|6|205225
5|17|140|12|5|5|4030
6|17|369|12|5|5|9518
7|17|1193|12|5|5|37535
8|17|2803|12|5|5|85583
5|55|13116|49|6|9|182120
5|52|9842|39|13|9|136660
5|2|0|2|0|2|6
6|2|0|2|0|2|6
7|2|0|2|0|2|6
8|2|0|2|0|2|6
9|2|0|2|0|2|6
5|28|1127|24|4|7|22491
6|28|3858|24|4|7|65754
5|50|8712|35|15|8|106043
5|12|25|9|3|4|982
6|12|52|9|3|4|1967
7|12|118|9|3|4|4490
8|12|188|9|3|4|7684
9|12|303|9|3|4|12965
5|30|1469|22|8|7|30177
6|30|5107|22|8|7|90701
5|9|4|5|4|4|190
6|9|5|5|4|4|190
7|9|6|5|4|4|190
8|9|6|5|4|4|190
9|9|5|5|4|4|190
5|2|0|2|0|2|5
6|2|0|2|0|2|5
7|2|0|2|0|2|5
8|2|0|2|0|2|5
9|2|0|2|0|2|5
5|21|417|17|4|6|10291
6|21|1211|17|4|6|27539
7|21|8817|17|4|6|144525
5|2|0|2|0|2|5
6|2|0|2|0|2|5
7|2|0|2|0|2|5
8|2|0|2|0|2|5
9|2|0|2|0|2|5
5|41|5637|30|11|8|59843
5|27|1235|20|7|6|19600
6|27|4448|20|7|6|64556
5|9|35|8|1|4|904
6|9|95|8|1|4|2140
7|9|164|8|1|4|4074
8|9|265|8|1|4|6912
9|9|275|8|1|4|6912
5|36|4270|25|11|8|45135
5|5|4|5|0|3|131
6|5|5|5|0|3|131
7|5|4|5|0|3|131
8|5|4|5|0|3|131
9|5|4|5|0|3|131
5|38|5645|26|12|8|61516
5|18|299|14|4|5|5882
6|18|951|14|4|5|17949
7|18|2110|14|4|5|65590
8|18|6269|14|4|5|193459
5|47|7592|38|9|9|106586
5|16|203|12|4|5|5817
6|16|646|12|4|5|19016
7|16|1646|12|4|5|51162
8|16|5656|12|4|5|176650
5|11|40|10|1|4|1622
6|11|104|10|1|4|3645
7|11|275|10|1|4|10752
8|11|798|10|1|4|32323
9|11|2108|10|1|4|87915
5|10|20|7|3|5|625
6|10|38|7|3|5|1185
7|10|64|7|3|5|1791
8|10|55|7|3|5|1791
9|10|65|7|3|5|1791
5|38|3562|26|12|7|65678
5|47|11813|37|10|9|107969
5|43|4940|36|7|8|76619
5|27|734|22|5|6|18517
6|27|2472|22|5|6|51123
5|17|148|12|5|5|4210
6|17|416|12|5|5|11863
7|17|2354|12|5|5|41346
8|17|5208|12|5|5|113968
5|8|5|5|3|3|272
6|8|19|5|3|3|272
7|8|11|5|3|3|272
8|8|7|5|3|3|272
9|8|6|5|3|3|272
5|33|1985|27|6|7|39980
6|33|8998|27|6|7|123993
5|5|3|5|0|3|142
6|5|4|5|0|3|142
7|5|3|5|0|3|142
8|5|3|5|0|3|142
9|5|3|5|0|3|142
5|47|6870|35|12|8|113578
5|21|382|19|2|6|9224
6|21|1072|19|2|6|24201
7|21|6107|19|2|6|143802
5|20|224|11|9|5|6210
6|20|536|11|9|5|14173
7|20|1919|11|9|5|58442
5|34|1749|28|6|7|36077
6|34|7181|28|6|7|129408
5|42|4708|33|9|8|77921
5|32|1707|23|9|7|34438
6|32|4709|23|9|7|76840
5|10|72|9|1|4|2550
6|10|134|9|1|4|4710
7|10|462|9|1|4|18098
8|10|786|9|1|4|30967
9|10|1547|9|1|4|64763
5|23|383|15|8|6|9465
6|23|1212|15|8|6|28152
7|23|5204|15|8|6|133464
5|41|4218|28|13|8|71667
5|8|9|7|1|3|403
6|8|15|7|1|3|684
7|8|23|7|1|3|1061
8|8|33|7|1|3|1061
9|8|27|7|1|3|1061
5|7|7|6|1|4|296
6|7|21|6|1|4|473
7|7|18|6|1|4|473
8|7|13|6|1|4|473
9|7|12|6|1|4|473
5|1|0|1|0|3|2
6|1|0|1|0|3|2
7|1|0|1|0|3|2
8|1|0|1|0|3|2
9|1|0|1|0|3|2
5|21|340|13|8|6|8086
6|21|1104|13|8|6|24305
7|21|4527|13|8|6|110201
5|27|884|19|8|6|20001
6|27|3989|19|8|6|89702
5|35|1699|23|12|7|34157
6|35|5564|23|12|7|92390
5|36|2794|25|11|8|44864
5|4|1|4|0|2|52
6|4|3|4|0|2|52
7|4|2|4|0|2|52
8|4|2|4|0|2|52
9|4|2|4|0|2|52
5|20|273|16|4|5|5875
6|20|565|16|4|5|13641
7|20|2255|16|4|5|69656
5|1|1|1|0|2|2
6|1|1|1|0|2|2
7|1|0|1|0|2|2
8|1|0|1|0|2|2
9|1|0|1|0|2|2
5|49|5619|40|9|8|96159
5|34|1810|26|8|7|35319
6|34|6617|26|8|7|110859
5|5|2|5|0|3|124
6|5|3|5|0|3|124
7|5|3|5|0|3|124
8|5|4|5|0|3|124
9|5|6|5|0|3|124
5|3|0|3|0|2|15
6|3|0|3|0|2|15
7|3|0|3|0|2|15
8|3|0|3|0|2|15
9|3|0|3|0|2|15
5|43|4409|34|9|8|72506
5|18|353|16|2|5|10356
6|18|1439|16|2|5|42785
7|18|5191|16|2|5|153676
8|18|21342|16|2|5|640408
5|18|236|14|4|5|6922
6|18|766|14|4|5|20304
7|18|3094|14|4|5|95421
8|18|7860|14|4|5|227376
5|6|10|6|0|3|480
6|6|16|6|0|3|723
7|6|16|6|0|3|723
8|6|20|6|0|3|723
9|6|22|6|0|3|723
5|3|0|3|0|2|16
6|3|0|3|0|2|16
7|3|0|3|0|2|16
8|3|0|3|0|2|16
9|3|0|3|0|2|16
5|5|3|5|0|3|170
6|5|4|5|0|3|170
7|5|4|5|0|3|170
8|5|5|5|0|3|170
9|5|4|5|0|3|170
5|43|5069|28|15|8|81140
5|13|132|11|2|4|5158
6|13|323|11|2|4|12147
7|13|944|11|2|4|38259
8|13|2073|11|2|4|82002
5|2|0|2|0|2|5
6|2|0|2|0|2|5
7|2|0|2|0|2|5
8|2|0|2|0|2|5
9|2|0|2|0|2|5
5|5|1|4|1|3|58
6|5|2|4|1|3|58
7|5|1|4|1|3|58
8|5|1|4|1|3|58
9|5|1|4|1|3|58
5|7|17|7|0|3|650
6|7|22|7|0|3|974
7|7|30|7|0|3|1452
8|7|45|7|0|3|1452
9|7|33|7|0|3|1452
5|1|0|1|0|2|2
6|1|0|1|0|2|2
7|1|0|1|0|2|2
8|1|0|1|0|2|2
9|1|0|1|0|2|2
5|49|7462|35|14|8|121641
5|5|4|5|0|3|213
6|5|7|5|0|3|213
7|5|6|5|0|3|213
8|5|5|5|0|3|213
9|5|5|5|0|3|213
5|18|183|13|5|5|4738
6|18|374|13|5|5|10470
7|18|1432|13|5|5|44135
8|18|4128|13|5|5|126479
5|30|1051|20|10|7|21311
6|30|3090|20|10|7|54370
5|12|26|8|4|4|1049
6|12|59|8|4|4|2082
7|12|122|8|4|4|4389
8|12|172|8|4|4|6777
9|12|181|8|4|4|6777
5|13|38|9|4|4|1482
6|13|96|9|4|4|3196
7|13|219|9|4|4|8089
8|13|339|9|4|4|13232
5|24|769|20|4|6|19601
6|24|2479|20|4|6|56503
7|24|14895|20|4|6|377073
5|18|268|15|3|5|7680
6|18|797|15|3|5|19819
7|18|3368|15|3|5|103676
8|18|10546|15|3|5|305102
5|10|22|7|3|4|752
6|10|42|7|3|4|1663
7|10|90|7|3|4|3399
8|10|85|7|3|4|3399
9|10|94|7|3|4|3399
5|49|5842|31|18|8|98720
5|5|0|3|2|3|29
6|5|1|3|2|3|29
7|5|0|3|2|3|29
8|5|1|3|2|3|29
9|5|1|3|2|3|29
5|13|73|11|2|5|2154
6|13|162|11|2|5|4714
7|13|485|11|2|5|15074
8|13|984|11|2|5|31231
5|10|32|8|2|4|1052
6|10|67|8|2|4|2664
7|10|112|8|2|4|4230
8|10|207|8|2|4|8304
9|10|210|8|2|4|8304
5|11|35|8|3|4|825
6|11|45|8|3|4|1601
7|11|101|8|3|4|3654
8|11|146|8|3|4|5574
9|11|151|8|3|4|5574
5|10|60|10|0|4|2095
6|10|139|10|0|4|4876
7|10|402|10|0|4|15421
8|10|684|10|0|4|26881
9|10|1464|10|0|4|60856
5|5|2|4|1|3|49
6|5|1|4|1|3|49
7|5|1|4|1|3|49
8|5|1|4|1|3|49
9|5|1|4|1|3|49
5|13|87|10|3|5|2407
6|13|209|10|3|5|6173
7|13|517|10|3|5|16291
8|13|1045|10|3|5|33818
5|24|593|18|6|6|14336
6|24|2009|18|6|6|44839
7|24|9345|18|6|6|234245
5|24|592|19|5|6|14685
6|24|2198|19|5|6|50417
7|24|11621|19|5|6|288246
5|16|117|12|4|5|3416
6|16|284|12|4|5|7257
7|16|1011|12|4|5|31540
8|16|2272|12|4|5|66728
5|14|67|12|2|4|2652
6|14|242|12|2|4|8253
7|14|651|12|2|4|25801
8|14|1964|12|2|4|74294
5|50|8538|39|11|9|118769
5|8|9|6|2|3|376
6|8|12|6|2|3|568
7|8|20|6|2|3|568
8|8|15|6|2|3|568
9|8|13|6|2|3|568
5|55|10624|42|13|9|150539
5|16|170|15|1|5|5385
6|16|412|15|1|5|10748
7|16|1919|15|1|5|59920
8|16|4447|15|1|5|123461
5|15|95|10|5|5|2524
6|15|222|10|5|5|6439
7|15|558|10|5|5|17796
8|15|1146|10|5|5|36717
5|24|488|18|6|6|11876
6|24|1407|18|6|6|29659
7|24|8878|18|6|6|219202
5|29|1509|20|9|7|30281
6|29|5066|20|9|7|91618
5|6|1|4|2|3|79
6|6|2|4|2|3|79
7|6|2|4|2|3|79
8|6|2|4|2|3|79
9|6|2|4|2|3|79
5|3|0|3|0|3|16
6|3|0|3|0|3|16
7|3|0|3|0|3|16
8|3|0|3|0|3|16
9|3|0|3|0|3|16
5|2|0|1|1|2|3
6|2|0|1|1|2|3
7|2|0|1|1|2|3
8|2|0|1|1|2|3
9|2|0|1|1|2|3
5|20|226|15|5|5|6578
6|20|631|15|5|5|17017
7|20|2728|15|5|5|85853
5|2|0|2|0|2|5
6|2|0|2|0|2|5
7|2|0|2|0|2|5
8|2|0|2|0|2|5
9|2|0|2|0|2|5
5|27|743|21|6|6|18542
6|27|2352|21|6|6|49005
5|11|37|8|3|4|1507
6|11|106|8|3|4|3907
7|11|155|8|3|4|6024
8|11|332|8|3|4|13575
9|11|358|8|3|4|13575
5|19|183|15|4|5|5083
6|19|527|15|4|5|14575
7|19|2286|15|4|5|69793
5|37|2192|25|12|7|44609
5|5|0|3|2|3|21
6|5|0|3|2|3|21
7|5|0|3|2|3|21
8|5|1|3|2|3|21
9|5|0|3|2|3|21
5|9|13|6|3|4|467
6|9|34|6|3|4|800
7|9|22|6|3|4|800
8|9|23|6|3|4|800
9|9|22|6|3|4|800
5|12|81|9|3|4|2615
6|12|222|9|3|4|8080
7|12|502|9|3|4|19943
8|12|1012|9|3|4|41255
9|12|1422|9|3|4|59648
5|30|1053|25|5|7|21924
6|30|3230|25|5|7|56004
5|9|13|7|2|4|487
6|9|21|7|2|4|849
7|9|29|7|2|4|1194
8|9|40|7|2|4|1194
9|9|32|7|2|4|1194
5|21|534|16|5|7|10691
6|21|1483|16|5|7|26738
7|21|9586|16|5|7|194992
5|15|79|10|5|5|2414
6|15|176|10|5|5|4579
7|15|506|10|5|5|15264
8|15|916|10|5|5|28405
5|2|0|2|0|2|6
6|2|0|2|0|2|6
7|2|0|2|0|2|6
8|2|0|2|0|2|6
9|2|0|2|0|2|6
5|18|137|13|5|5|4238
6|18|718|13|5|5|20567
7|18|1696|13|5|5|51896
8|18|5515|13|5|5|169056
5|13|40|9|4|5|1279
6|13|100|9|4|5|3029
7|13|219|9|4|5|6998
8|13|440|9|4|5|14878
5|39|3814|28|11|8|62884
5|21|389|15|6|6|9289
6|21|832|15|6|6|18126
7|21|4662|15|6|6|115810
5|24|506|17|7|6|12145
6|24|2022|17|7|6|47635
7|24|7778|17|7|6|191294
5|10|75|10|0|4|2959
6|10|126|10|0|4|4713
7|10|452|10|0|4|17883
8|10|580|10|0|4|22850
9|10|1619|10|0|4|69219
5|12|29|9|3|4|1129
6|12|74|9|3|4|2840
7|12|143|9|3|4|5572
8|12|258|9|3|4|9097
9|12|328|9|3|4|13796
5|4|1|4|0|3|51
6|4|2|4|0|3|51
7|4|1|4|0|3|51
8|4|2|4|0|3|51
9|4|2|4|0|3|51
5|5|2|4|1|3|67
6|5|3|4|1|3|67
7|5|2|4|1|3|67
8|5|2|4|1|3|67
9|5|2|4|1|3|67
5|12|34|8|4|5|1095
6|12|80|8|4|5|1897
7|12|138|8|4|5|4062
8|12|192|8|4|5|6314
9|12|193|8|4|5|6314
5|27|908|21|6|6|22228
6|27|3247|21|6|6|69041
5|21|380|16|5|6|9103
6|21|1066|16|5|6|23839
7|21|6139|16|5|6|146140
5|5|1|4|1|3|47
6|5|1|4|1|3|47
7|5|1|4|1|3|47
8|5|1|4|1|3|47
9|5|1|4|1|3|47
5|14|75|10|4|5|2035
6|14|206|10|4|5|5819
7|14|551|10|4|5|16941
8|14|1119|10|4|5|32344
5|38|2570|28|10|7|50862
5|3|0|3|0|2|18
6|3|0|3|0|2|18
7|3|0|3|0|2|18
8|3|0|3|0|2|18
9|3|0|3|0|2|18
5|6|4|5|1|3|219
6|6|5|5|1|3|219
7|6|5|5|1|3|219
8|6|5|5|1|3|219
9|6|4|5|1|3|219
5|13|47|8|5|4|1814
6|13|101|8|5|4|3589
7|13|299|8|5|4|8978
8|13|304|8|5|4|11370
5|3|0|3|0|2|14
6|3|1|3|0|2|14
7|3|0|3|0|2|14
8|3|1|3|0|2|14
9|3|1|3|0|2|14
5|38|3325|28|10|8|50961
5|4|0|2|2|2|9
6|4|1|2|2|2|9
7|4|0|2|2|2|9
8|4|0|2|2|2|9
9|4|0|2|2|2|9
5|12|71|9|3|4|1192
6|12|122|9|3|4|3032
7|12|221|9|3|4|7533
8|12|441|9|3|4|16447
9|12|645|9|3|4|24216
5|55|11419|38|17|9|152975
5|25|416|17|8|6|9835
6|25|1190|17|8|6|26355
7|25|5724|17|8|6|137992
5|35|2091|23|12|7|39586
6|35|7487|23|12|7|126267
5|25|688|18|7|6|15351
6|25|2712|18|7|6|56790
7|25|11775|18|7|6|274216
5|4|1|2|2|3|9
6|4|0|2|2|3|9
7|4|0|2|2|3|9
8|4|0|2|2|3|9
9|4|0|2|2|3|9
5|2|0|2|0|2|6
6|2|4|2|0|2|6
7|2|1|2|0|2|6
8|2|0|2|0|2|6
9|2|0|2|0|2|6
5|54|11711|39|15|9|144404
5|31|1453|22|9|7|26865
6|31|4845|22|9|7|80298
5|3|0|3|0|2|18
6|3|0|3|0|2|18
7|3|1|3|0|2|18
8|3|1|3|0|2|18
9|3|1|3|0|2|18
5|7|17|7|0|3|857
6|7|31|7|0|3|1501
7|7|46|7|0|3|2038
8|7|44|7|0|3|2038
9|7|46|7|0|3|2038
5|16|101|11|5|5|2716
6|16|214|11|5|5|6201
7|16|671|11|5|5|20585
8|16|1633|11|5|5|47131
5|5|1|3|2|3|20
6|5|1|3|2|3|20
7|5|2|3|2|3|20
8|5|1|3|2|3|20
9|5|0|3|2|3|20
5|27|952|20|7|7|17173
6|27|3228|20|7|7|56956
5|10|11|6|4|4|429
6|10|17|6|4|4|681
7|10|18|6|4|4|681
8|10|18|6|4|4|681
9|10|28|6|4|4|681
5|21|281|14|7|6|6560
6|21|948|14|7|6|21598
7|21|4316|14|7|6|99291
5|43|4682|34|9|8|71383
5|2|0|2|0|2|6
6|2|0|2|0|2|6
7|2|0|2|0|2|6
8|2|0|2|0|2|6
9|2|0|2|0|2|6
5|25|1866|25|0|6|42955
6|25|6058|25|0|6|128677
7|25|37149|25|0|6|948126
5|9|56|9|0|4|2114
6|9|145|9|0|4|4841
7|9|379|9|0|4|14424
8|9|637|9|0|4|24893
9|9|1304|9|0|4|52455
5|34|1762|21|13|7|34669
6|34|7970|21|13|7|144254
5|36|1937|27|9|7|39353
5|54|11524|38|16|9|156548
5|8|24|8|0|3|1196
6|8|61|8|0|3|2493
7|8|92|8|0|3|4588
8|8|125|8|0|3|5839
9|8|155|8|0|3|5839
5|8|26|8|0|4|768
6|8|52|8|0|4|1757
7|8|107|8|0|4|3476
8|8|136|8|0|4|5116
9|8|132|8|0|4|5116
5|24|599|16|8|7|10673
6|24|1901|16|8|7|30383
7|24|8903|16|8|7|166229
5|39|3903|31|8|8|64845
5|19|480|16|3|5|14151
6|19|2004|16|3|5|60751
7|19|7714|16|3|5|234242
5|16|183|13|3|5|5043
6|16|516|13|3|5|14848
7|16|1654|13|3|5|51579
8|16|4409|13|3|5|128525
5|19|312|17|2|6|7543
6|19|838|17|2|6|18765
7|19|4648|17|2|6|108131
5|15|116|13|2|4|3311
6|15|317|13|2|4|10677
7|15|1004|13|2|4|38851
8|15|2942|13|2|4|102680
5|14|114|11|3|5|2962
6|14|313|11|3|5|9304
7|14|700|11|3|5|22187
8|14|1624|11|3|5|53340
5|7|9|5|2|3|155
6|7|5|5|2|3|155
7|7|4|5|2|3|155
8|7|4|5|2|3|155
9|7|4|5|2|3|155
5|23|509|19|4|6|12477
6|23|2010|19|4|6|45552
7|23|8085|19|4|6|198600
5|4|1|4|0|3|44
6|4|1|4|0|3|44
7|4|1|4|0|3|44
8|4|1|4|0|3|44
9|4|1|4|0|3|44
5|3|0|3|0|2|14
6|3|0|3|0|2|14
7|3|0|3|0|2|14
8|3|0|3|0|2|14
9|3|0|3|0|2|14
5|2|0|2|0|2|6
6|2|0|2|0|2|6
7|2|0|2|0|2|6
8|2|0|2|0|2|6
9|2|0|2|0|2|6
5|41|3652|32|9|8|62024
5|26|947|22|4|6|23409
6|26|4044|22|4|6|94804
5|21|228|17|4|5|6856
6|21|755|17|4|5|20645
7|21|2922|17|4|5|92561
5|2|0|2|0|2|5
6|2|0|2|0|2|5
7|2|0|2|0|2|5
8|2|0|2|0|2|5
9|2|0|2|0|2|5
5|14|164|13|1|4|6007
6|14|484|13|1|4|16921
7|14|1718|13|1|4|62592
8|14|5238|13|1|4|193422
5|17|176|13|4|5|4945
6|17|342|13|4|5|9432
7|17|2074|13|4|5|63022
8|17|4155|13|4|5|128506
5|8|32|8|0|3|1509
6|8|70|8|0|3|3072
7|8|101|8|0|3|5098
8|8|186|8|0|3|7736
9|8|163|8|0|3|7736
5|2|0|2|0|2|5
6|2|0|2|0|2|5
7|2|2|2|0|2|5
8|2|0|2|0|2|5
9|2|0|2|0|2|5
5|2|0|2|0|2|5
6|2|0|2|0|2|5
7|2|0|2|0|2|5
8|2|0|2|0|2|5
9|2|0|2|0|2|5
5|17|226|15|2|5|6477
6|17|888|15|2|5|25438
7|17|3274|15|2|5|97446
8|17|10277|15|2|5|295015
5|21|466|18|3|6|11009
6|21|2265|18|3|6|50907
7|21|8161|18|3|6|193453
5|55|11574|46|9|9|149165
5|4|0|3|1|3|18
6|4|0|3|1|3|18
7|4|1|3|1|3|18
8|4|0|3|1|3|18
9|4|1|3|1|3|18
5|24|479|17|7|6|10773
6|24|1710|17|7|6|36939
7|24|7569|17|7|6|172945
5|2|0|2|0|2|5
6|2|0|2|0|2|5
7|2|0|2|0|2|5
8|2|0|2|0|2|5
9|2|0|2|0|2|5
